y <- c(1,1)