N <- 6
feat1 <- c(63,16,28,55,22,20)
feat2 <- c(38,23,40,27,18,40)
feat3 <- c(1,1,1,1,1,1)
obs <- c(1,0,1,1,0,0)