N <- 40
y <- c(65.5813352129797, 64.43534924436415, 65.30774496998437, 69.12672333250097, 113.68734072881638, 103.11677151738878, 74.56248878996924, 60.01673604855734, 111.12575713489214, 122.20787993324615, 34.27453353865676, 121.33657014831873, 27.114437104775938, 33.47601660124872, 88.45690453780189, 94.70921009281318, 132.16794157305208, 52.1658403613385, 82.60422437984516, 105.60981286635007, 60.982717246327326, 98.7076939908488, 67.2616926867093, 117.3622040961051, 49.49661709831773, 118.9427776490168, 5.175482689399045, 11.432398525735358, 39.73028604898217, 60.983785100152005, 37.7873279247112, 71.75395065775267, 67.61266732545727, 89.57330795033396, 98.7949841429659, 21.670833309746776, 79.26821926571412, 76.66861201649947, 97.0511558881133, 59.30086398047759)