N <- 40
y <- c(-22.47620917009301, -25.552915868240117, -46.29981060413596, -23.11929929781675, -49.26755555546385, -16.210475052455443, -21.597904348824585, -22.56773533063504, -29.931046265338143, -56.103607775110355, -47.5416359294226, -26.235295836228808, -25.165293639016035, -53.273065653820574, -5.341468922074248, -19.517931269199746, -24.26936399910197, -1.859642383477871, -38.453793365382914, -52.90137068359686, -41.013832726846374, -31.82433808824578, -42.5853119243696, -26.860785169709697, -53.42960458255663, -17.637131571785385, -34.32814193997388, -1.7483670510448626, -28.210882888131792, -36.037703242604415, -30.595899943601115, -20.91899841600842, -31.41210200603848, -33.79220060398766, -30.52008206361833, -58.72602525009127, -44.91152156181976, -37.12250085264185, -43.34525641783513, -26.685309604019775)