N <- 5
click0 <- c(1,1,1,0,0)
click1 <- c(1,1,1,0,0)