ave_fitness	ave_genome_length	ave_tree_depth	ave_tree_nodes	ave_used_codons	best_fitness	gen	invalids	max_genome_length	max_tree_depth	max_tree_nodes	max_used_codons	min_genome_length	min_tree_depth	min_tree_nodes	min_used_codons	runtime_error	time_adjust	time_taken	total_inds	total_time	unique_inds	unused_search	
-inf	32.475	9.5	29.545	21.845	-7.802576884077501	0	0	73	10	71	49	13	9	11	9	0	0	44.293174028396606	200	44.293174028396606	190	5.0	
-inf	37.195	9.963636363636363	30.563636363636363	22.4	-6.1665567990739225	1	145	79	13.0	94.0	67.0	4	9.0	11.0	9.0	0	0	0.914592981338501	400	45.20776700973511	231	42.25	
-inf	38.43	10.285714285714286	28.675324675324674	20.948051948051948	-6.080147666742616	2	268	97	14.0	88.0	63.0	3	9.0	11.0	9.0	0	0	1.0287518501281738	600	46.23651885986328	288	52.0	
-inf	36.535	10.186440677966102	24.35593220338983	18.008474576271187	-4.403470951637269	3	350	126	13.0	75.0	53.0	4	9.0	11.0	9.0	0	0	1.5299599170684814	800	47.76647877693176	368	54.0	
-inf	34.79	10.340277777777779	25.375	18.59027777777778	-4.403470951637269	4	406	82	13.0	64.0	45.0	9	9.0	11.0	9.0	0	0	1.8888351917266846	1000	49.65531396865845	464	53.599999999999994	
-inf	41.295	10.406451612903226	25.16774193548387	18.46451612903226	-4.1677736471123135	5	451	84	13.0	67.0	49.0	7	9.0	11.0	9.0	0	0	2.124224901199341	1200	51.77953886985779	574	52.166666666666664	
-inf	41.545	10.588235294117647	26.66013071895425	19.45098039215686	-4.1677736471123135	6	498	84	15.0	69.0	48.0	9	9.0	11.0	9.0	0	0	2.0037481784820557	1400	53.783287048339844	677	51.64285714285714	
-inf	40.81	10.703947368421053	27.664473684210527	20.125	-4.1677736471123135	7	546	91	13.0	65.0	45.0	5	9.0	11.0	9.0	0	0	2.7764999866485596	1600	56.5597870349884	789	50.6875	
-inf	38.17	10.546099290780141	26.19858156028369	19.127659574468087	-4.1677736471123135	8	605	82	13.0	67.0	48.0	6	9.0	11.0	9.0	0	0	1.600287914276123	1800	58.160074949264526	893	50.388888888888886	
-inf	41.075	10.496815286624203	24.668789808917197	18.101910828025478	-4.1677736471123135	9	648	100	13.0	60.0	41.0	7	9.0	11.0	9.0	0	0	2.1385128498077393	2000	60.298587799072266	1003	49.85000000000001	
-inf	39.26	10.5	24.45	18.007142857142856	-3.851550044398718	10	708	98	15.0	79.0	54.0	2	9.0	11.0	9.0	0	0	1.5069282054901123	2200	61.80551600456238	1093	50.31818181818182	
-inf	40.285	10.461538461538462	24.28846153846154	17.897435897435898	-3.851550044398718	11	752	91	15.0	77.0	53.0	7	9.0	11.0	9.0	0	0	4.655828952789307	2400	66.46134495735168	1196	50.166666666666664	
-inf	37.715	10.294478527607362	22.969325153374232	17.0	-3.851550044398718	12	789	99	12.0	46.0	32.0	9	9.0	11.0	9.0	0	0	1.4487638473510742	2600	67.91010880470276	1317	49.346153846153854	
-inf	33.975	10.4	23.633333333333333	17.453333333333333	-3.7724631123306835	13	839	90	13.0	51.0	36.0	5	9.0	11.0	9.0	0	0	3.75862717628479	2800	71.66873598098755	1417	49.39285714285714	
-inf	33.415	10.38961038961039	24.032467532467532	17.707792207792206	-3.7724631123306835	14	885	101	13.0	63.0	44.0	7	9.0	11.0	9.0	0	0	2.133765935897827	3000	73.80250191688538	1524	49.2	
-inf	32.35	10.409090909090908	23.7987012987013	17.538961038961038	-3.7724631123306835	15	931	88	15.0	73.0	51.0	7	9.0	11.0	9.0	0	0	1.3943850994110107	3200	75.19688701629639	1625	49.21875	
-inf	31.4	10.314465408805031	22.58490566037736	16.748427672955973	-3.7724631123306835	16	972	109	15.0	65.0	48.0	9	9.0	11.0	9.0	0	0	1.4525859355926514	3400	76.64947295188904	1739	48.85294117647059	
-inf	32.65	10.344827586206897	24.00689655172414	17.655172413793103	-3.7724631123306835	17	1027	74	15.0	69.0	49.0	7	9.0	11.0	9.0	0	0	1.3890399932861328	3600	78.03851294517517	1831	49.138888888888886	
-inf	31.28	10.52	23.726666666666667	17.526666666666667	-3.7724631123306835	18	1077	80	15.0	65.0	46.0	9	9.0	11.0	9.0	0	0	1.4399118423461914	3800	79.47842478752136	1940	48.94736842105263	
-inf	31.58	10.65359477124183	24.483660130718953	18.098039215686274	-3.639854299812813	19	1124	69	14.0	63.0	43.0	7	9.0	11.0	9.0	0	0	1.322709083557129	4000	80.80113387107849	2045	48.875	
-inf	32.88	10.648275862068965	24.43448275862069	18.075862068965517	-3.639854299812813	20	1179	71	16.0	77.0	54.0	8	9.0	11.0	9.0	0	0	1.4964158535003662	4200	82.29754972457886	2146	48.904761904761905	
-inf	33.63	10.516339869281046	23.437908496732025	17.30718954248366	-3.639854299812813	21	1226	82	13.0	63.0	44.0	5	9.0	11.0	9.0	0	0	1.0439863204956055	4400	83.34153604507446	2244	49.0	
-inf	35.87	10.357142857142858	22.785714285714285	16.896103896103895	-3.639854299812813	22	1272	87	14.0	63.0	44.0	5	9.0	11.0	9.0	0	0	0.9594459533691406	4600	84.3009819984436	2348	48.95652173913043	
-inf	38.79	10.50625	24.20625	17.7875	-3.639854299812813	23	1312	92	16.0	81.0	56.0	8	9.0	11.0	9.0	0	0	1.4300239086151123	4800	85.73100590705872	2447	49.020833333333336	
-inf	41.34	10.614457831325302	24.843373493975903	18.216867469879517	-3.618816176428705	24	1346	84	16.0	89.0	61.0	6	9.0	11.0	9.0	0	0	1.2350730895996094	5000	86.96607899665833	2557	48.86000000000001	
-inf	43.145	10.61271676300578	24.55491329479769	17.976878612716764	-3.618816176428705	25	1373	103	15.0	75.0	52.0	9	9.0	11.0	9.0	0	0	1.4726319313049316	5200	88.43871092796326	2672	48.61538461538461	
-inf	44.155	10.603658536585366	24.634146341463413	18.121951219512194	-3.618816176428705	26	1409	123	14.0	88.0	66.0	9	9.0	11.0	9.0	0	0	1.251250982284546	5400	89.6899619102478	2770	48.7037037037037	
-inf	45.685	10.757575757575758	25.939393939393938	18.927272727272726	-3.618816176428705	27	1444	103	15.0	65.0	46.0	11	9.0	11.0	9.0	0	0	1.4954540729522705	5600	91.18541598320007	2884	48.5	
-inf	49.24	10.970059880239521	28.634730538922156	20.772455089820358	-3.618816176428705	28	1477	98	14.0	95.0	64.0	19	9.0	11.0	9.0	0	0	3.563377857208252	5800	94.74879384040833	2987	48.5	
-inf	50.06	11.10919540229885	29.477011494252874	21.32758620689655	-3.586629607630847	29	1503	100	17.0	95.0	66.0	23	9.0	11.0	9.0	0	0	8.538856983184814	6000	103.28765082359314	3108	48.199999999999996	
-inf	50.925	10.863095238095237	26.5	19.333333333333332	-3.5446106407348683	30	1535	106	16.0	83.0	58.0	16	9.0	11.0	9.0	0	0	1.5384421348571777	6200	104.82609295845032	3221	48.04838709677419	
-inf	49.065	10.829545454545455	26.738636363636363	19.460227272727273	-3.5446106407348683	31	1559	92	17.0	97.0	66.0	20	9.0	11.0	9.0	0	0	1.6341049671173096	6400	106.46019792556763	3333	47.921875	
-inf	47.55	10.775147928994082	25.911242603550296	18.958579881656803	-3.5446106407348683	32	1590	90	14.0	58.0	40.0	18	9.0	11.0	9.0	0	0	1.4178690910339355	6600	107.87806701660156	3440	47.878787878787875	
-inf	45.89	10.845238095238095	26.672619047619047	19.398809523809526	-3.5446106407348683	33	1622	92	15.0	72.0	49.0	17	9.0	11.0	9.0	0	0	1.4705100059509277	6800	109.34857702255249	3554	47.73529411764705	
-inf	44.675	10.810126582278482	26.0	18.99367088607595	-3.5446106407348683	34	1664	86	15.0	65.0	46.0	11	9.0	11.0	9.0	0	0	0.9609627723693848	7000	110.30953979492188	3648	47.885714285714286	
-inf	46.225	10.871165644171779	27.030674846625768	19.65644171779141	-3.5446106407348683	35	1701	86	14.0	64.0	45.0	11	9.0	11.0	9.0	0	0	2.0915629863739014	7200	112.40110278129578	3754	47.86111111111111	
-inf	47.025	10.801204819277109	25.86144578313253	18.951807228915662	-3.5446106407348683	36	1735	89	14.0	63.0	44.0	22	9.0	11.0	9.0	0	0	1.5275719165802002	7400	113.92867469787598	3851	47.95945945945947	
-inf	48.75	10.816091954022989	26.32758620689655	19.24712643678161	-3.5446106407348683	37	1761	85	16.0	109.0	77.0	20	9.0	11.0	9.0	0	0	5.51120924949646	7600	119.43988394737244	3963	47.85526315789473	
-inf	48.86	10.865497076023392	25.53216374269006	18.760233918128655	-3.5446106407348683	38	1790	98	16.0	87.0	59.0	12	9.0	11.0	9.0	0	0	3.566899061203003	7800	123.00678300857544	4064	47.897435897435905	
-inf	49.385	10.77456647398844	25.14450867052023	18.46820809248555	-3.5446106407348683	39	1817	94	14.0	69.0	47.0	25	9.0	11.0	9.0	0	0	1.120060920715332	8000	124.12684392929077	4170	47.875	
-inf	50.925	10.771084337349398	25.018072289156628	18.397590361445783	-3.5446106407348683	40	1851	100	15.0	106.0	75.0	14	9.0	11.0	9.0	0	0	1.4236979484558105	8200	125.55054187774658	4267	47.96341463414634	
-inf	53.44	10.906976744186046	26.83139534883721	19.63953488372093	-3.5446106407348683	41	1879	113	16.0	132.0	94.0	21	9.0	11.0	9.0	0	0	1.415498971939087	8400	126.96604084968567	4383	47.82142857142857	
-inf	51.95	10.937142857142858	27.02857142857143	19.765714285714285	-3.5446106407348683	42	1904	113	16.0	87.0	62.0	16	9.0	11.0	9.0	0	0	1.1136691570281982	8600	128.07971000671387	4483	47.872093023255815	
-inf	51.665	10.781818181818181	25.76969696969697	18.933333333333334	-3.5446106407348683	43	1939	122	14.0	87.0	62.0	20	9.0	11.0	9.0	0	0	0.8034811019897461	8800	128.8831911087036	4583	47.92045454545455	
-inf	50.155	10.77639751552795	26.341614906832298	19.37888198757764	-3.5446106407348683	44	1978	120	14.0	87.0	62.0	21	9.0	11.0	9.0	0	0	1.2339849472045898	9000	130.1171760559082	4695	47.833333333333336	
-inf	48.525	10.62987012987013	24.16883116883117	17.967532467532468	-3.5446106407348683	45	2024	97	14.0	87.0	62.0	16	9.0	11.0	9.0	0	0	0.7219078540802002	9200	130.8390839099884	4782	48.02173913043478	
-inf	48.485	10.72289156626506	25.246987951807228	18.704819277108435	-3.5446106407348683	46	2058	94	16.0	93.0	68.0	13	9.0	11.0	9.0	0	0	0.778203010559082	9400	131.61728692054749	4871	48.18085106382979	
-inf	46.545	10.71165644171779	25.41717791411043	18.754601226993866	-3.4120146506373574	47	2095	105	14.0	93.0	68.0	15	9.0	11.0	9.0	0	0	0.9496200084686279	9600	132.5669069290161	4960	48.33333333333333	
-inf	47.085	10.571428571428571	23.279761904761905	17.226190476190474	-3.4120146506373574	48	2127	106	16.0	85.0	58.0	16	9.0	11.0	9.0	0	0	1.0274758338928223	9800	133.59438276290894	5055	48.41836734693877	
-inf	49.0	10.555555555555555	23.77777777777778	17.561728395061728	-3.4120146506373574	49	2165	132	14.0	76.0	55.0	15	9.0	11.0	9.0	0	0	0.8399989604949951	10000	134.43438172340393	5150	48.5	
-inf	50.635	10.84393063583815	26.809248554913296	19.55491329479769	-3.4120146506373574	50	2192	94	15.0	85.0	60.0	8	9.0	11.0	9.0	0	0	1.971595048904419	10200	136.40597677230835	5247	48.55882352941177	
-inf	50.15	10.54913294797688	23.358381502890172	17.24277456647399	-3.4120146506373574	51	2219	87	14.0	65.0	47.0	14	9.0	11.0	9.0	0	0	1.1737191677093506	10400	137.5796959400177	5347	48.58653846153847	
-inf	49.88	10.568047337278106	23.745562130177515	17.562130177514792	-3.4120146506373574	52	2250	94	14.0	63.0	45.0	12	9.0	11.0	9.0	0	0	1.000776767730713	10600	138.5804727077484	5446	48.62264150943396	
-inf	49.22	10.59748427672956	23.742138364779873	17.528301886792452	-3.4120146506373574	53	2291	99	13.0	63.0	45.0	20	9.0	11.0	9.0	0	0	1.8932831287384033	10800	140.47375583648682	5535	48.75000000000001	
-inf	49.32	10.622857142857143	24.76	18.217142857142857	-3.4120146506373574	54	2316	109	15.0	81.0	55.0	18	9.0	11.0	9.0	0	0	1.668208122253418	11000	142.14196395874023	5638	48.74545454545455	
-inf	52.08	10.635294117647058	24.6	18.129411764705882	-3.4120146506373574	55	2346	109	14.0	71.0	51.0	12	9.0	11.0	9.0	0	0	1.3606228828430176	11200	143.50258684158325	5743	48.72321428571429	
-inf	52.34	10.762195121951219	25.49390243902439	18.664634146341463	-3.4120146506373574	56	2382	111	14.0	77.0	53.0	28	9.0	11.0	9.0	0	0	1.4528770446777344	11400	144.955463886261	5848	48.70175438596491	
-inf	53.085	10.680473372781066	24.68639053254438	18.159763313609467	-3.4120146506373574	57	2413	118	14.0	72.0	52.0	14	9.0	11.0	9.0	0	0	1.5351831912994385	11600	146.49064707756042	5943	48.76724137931034	
-inf	50.84	10.792682926829269	24.652439024390244	18.091463414634145	-3.4120146506373574	58	2449	116	14.0	76.0	53.0	12	9.0	11.0	9.0	0	0	1.324131727218628	11800	147.81477880477905	6035	48.85593220338983	
-inf	52.145	10.832298136645962	25.434782608695652	18.720496894409937	-3.4120146506373574	59	2488	120	16.0	87.0	59.0	17	9.0	11.0	9.0	0	0	2.1077351570129395	12000	149.922513961792	6129	48.925	
-inf	49.955	10.813253012048193	25.096385542168676	18.451807228915662	-3.4120146506373574	60	2522	121	14.0	67.0	46.0	21	9.0	11.0	9.0	0	0	2.2890729904174805	12200	152.21158695220947	6224	48.983606557377044	
-inf	53.895	10.867816091954023	26.488505747126435	19.39080459770115	-3.4120146506373574	61	2548	109	14.0	118.0	85.0	24	9.0	11.0	9.0	0	0	1.8404231071472168	12400	154.0520100593567	6326	48.983870967741936	
-inf	54.97	10.598802395209582	23.964071856287426	17.748502994011975	-3.4120146506373574	62	2581	120	14.0	73.0	52.0	18	9.0	11.0	9.0	0	0	2.084998846054077	12600	156.13700890541077	6419	49.05555555555555	
-inf	54.35	10.745454545454546	24.133333333333333	17.87272727272727	-3.4120146506373574	63	2616	131	14.0	65.0	48.0	16	9.0	11.0	9.0	0	0	2.1840739250183105	12800	158.32108283042908	6522	49.046875	
-inf	54.895	10.674556213017752	23.994082840236686	17.7396449704142	-3.4120146506373574	64	2647	112	15.0	73.0	51.0	13	9.0	11.0	9.0	0	0	2.4293622970581055	13000	160.75044512748718	6615	49.11538461538461	
-inf	55.62	10.731428571428571	25.685714285714287	18.857142857142858	-3.4120146506373574	65	2672	99	14.0	87.0	65.0	29	9.0	11.0	9.0	0	0	3.969160795211792	13200	164.71960592269897	6712	49.15151515151515	
-inf	52.82	10.854651162790697	27.127906976744185	19.843023255813954	-3.4120146506373574	66	2700	104	18.0	107.0	73.0	21	9.0	11.0	9.0	0	0	3.2599430084228516	13400	167.97954893112183	6815	49.14179104477612	
-inf	52.975	10.847560975609756	26.341463414634145	19.323170731707318	-3.4120146506373574	67	2736	105	15.0	73.0	50.0	11	9.0	11.0	9.0	0	0	3.2395730018615723	13600	171.2191219329834	6902	49.25000000000001	
-inf	56.26	10.86144578313253	26.97590361445783	19.716867469879517	-3.4120146506373574	68	2770	112	15.0	70.0	48.0	20	9.0	11.0	9.0	0	0	4.083302974700928	13800	175.30242490768433	6996	49.30434782608696	
-inf	59.97	10.911111111111111	26.855555555555554	19.627777777777776	-3.4120146506373574	69	2790	131	15.0	111.0	76.0	26	9.0	11.0	9.0	0	0	4.969208002090454	14000	180.27163290977478	7115	49.17857142857143	
-inf	59.71	10.71264367816092	25.396551724137932	18.597701149425287	-3.4120146506373574	70	2816	136	15.0	77.0	53.0	13	9.0	11.0	9.0	0	0	3.1277198791503906	14200	183.39935278892517	7221	49.147887323943664	
-inf	59.75	10.848484848484848	26.33939393939394	19.187878787878788	-3.4120146506373574	71	2851	147	14.0	67.0	46.0	23	9.0	11.0	9.0	0	0	2.419142246246338	14400	185.8184950351715	7321	49.15972222222222	
-inf	60.725	10.838323353293413	28.694610778443113	20.82634730538922	-3.4120146506373574	72	2884	148	14.0	167.0	119.0	12	9.0	11.0	9.0	0	0	4.170093059539795	14600	189.9885880947113	7427	49.130136986301366	
-inf	58.61	10.921686746987952	27.686746987951807	20.150602409638555	-3.4120146506373574	73	2918	152	15.0	91.0	62.0	18	9.0	11.0	9.0	0	0	3.368435859680176	14800	193.35702395439148	7535	49.08783783783783	
-inf	54.275	10.904191616766466	27.275449101796408	19.820359281437124	-3.4120146506373574	74	2951	140	15.0	137.0	97.0	19	9.0	11.0	9.0	0	0	2.7272908687591553	15000	196.08431482315063	7643	49.046666666666674	
-inf	50.515	10.807017543859649	26.11111111111111	18.994152046783626	-3.4120146506373574	75	2980	136	14.0	75.0	54.0	11	9.0	11.0	9.0	0	0	2.1540632247924805	15200	198.23837804794312	7748	49.026315789473685	
-inf	47.9	11.03448275862069	28.310344827586206	20.511494252873565	-3.4120146506373574	76	3006	134	15.0	75.0	54.0	13	9.0	11.0	9.0	0	0	1.822962760925293	15400	200.0613408088684	7865	48.92857142857143	
-inf	50.075	11.179190751445086	29.260115606936417	21.213872832369944	-3.4120146506373574	77	3033	96	16.0	91.0	62.0	9	9.0	11.0	9.0	0	0	2.1584279537200928	15600	202.2197687625885	7977	48.86538461538461	
-inf	50.57	11.11111111111111	28.35672514619883	20.619883040935672	-3.4120146506373574	78	3062	94	16.0	91.0	62.0	14	9.0	11.0	9.0	0	0	1.6526432037353516	15800	203.87241196632385	8075	48.89240506329114	
-inf	48.685	10.964912280701755	27.210526315789473	19.76608187134503	-3.4120146506373574	79	3091	105	16.0	91.0	62.0	25	9.0	11.0	9.0	0	0	1.7907497882843018	16000	205.66316175460815	8168	48.95	
-inf	49.485	10.994011976047904	27.131736526946106	19.682634730538922	-3.4120146506373574	80	3124	104	16.0	83.0	57.0	16	9.0	11.0	9.0	0	0	1.5829212665557861	16200	207.24608302116394	8273	48.932098765432094	
-inf	50.21	10.789156626506024	25.19277108433735	18.487951807228917	-3.4120146506373574	81	3158	85	16.0	79.0	55.0	16	9.0	11.0	9.0	0	0	1.2583179473876953	16400	208.50440096855164	8373	48.94512195121952	
-inf	51.735	10.815028901734104	26.53757225433526	19.3757225433526	-3.4120146506373574	82	3185	112	17.0	103.0	69.0	27	9.0	11.0	9.0	0	0	1.5943667888641357	16600	210.09876775741577	8483	48.897590361445786	
-inf	50.255	11.069182389937106	29.163522012578618	21.08176100628931	-3.4120146506373574	83	3226	99	17.0	112.0	77.0	20	9.0	11.0	9.0	0	0	1.7985930442810059	16800	211.89736080169678	8570	48.98809523809524	
-inf	50.835	11.047619047619047	28.339285714285715	20.547619047619047	-3.4120146506373574	84	3258	101	16.0	93.0	62.0	2	9.0	11.0	9.0	0	0	1.791384220123291	17000	213.68874502182007	8656	49.08235294117647	
-inf	53.29	10.761363636363637	25.795454545454547	18.823863636363637	-3.4120146506373574	85	3282	111	14.0	79.0	54.0	23	9.0	11.0	9.0	0	0	5.036062955856323	17200	218.7248079776764	8772	49.0	
-inf	52.94	10.74251497005988	27.089820359281436	19.688622754491018	-3.4120146506373574	86	3315	115	14.0	89.0	63.0	19	9.0	11.0	9.0	0	0	2.1641080379486084	17400	220.888916015625	8872	49.01149425287357	
-inf	50.775	11.017142857142858	29.65142857142857	21.46857142857143	-3.4120146506373574	87	3340	123	16.0	85.0	58.0	20	9.0	11.0	9.0	0	0	1.413416862487793	17600	222.3023328781128	8978	48.98863636363636	
-inf	52.035	11.0	29.884848484848487	21.593939393939394	-3.4120146506373574	88	3375	133	17.0	101.0	71.0	16	9.0	11.0	9.0	0	0	1.5940210819244385	17800	223.89635396003723	9084	48.966292134831455	
-inf	54.665	11.220238095238095	31.69047619047619	22.74404761904762	-3.4120146506373574	89	3407	123	15.0	83.0	56.0	12	9.0	11.0	9.0	0	0	1.4898300170898438	18000	225.38618397712708	9191	48.93888888888889	
-inf	59.28	11.005882352941176	29.723529411764705	21.458823529411763	-3.4120146506373574	90	3437	131	16.0	85.0	61.0	22	9.0	11.0	9.0	0	0	1.4969608783721924	18200	226.88314485549927	9287	48.972527472527474	
-inf	57.625	11.111764705882353	30.188235294117646	21.688235294117646	-3.4120146506373574	91	3467	138	17.0	99.0	68.0	12	9.0	11.0	9.0	0	0	1.3931562900543213	18400	228.2763011455536	9389	48.97282608695652	
-inf	56.965	11.139664804469273	30.93854748603352	22.279329608938546	-3.4120146506373574	92	3488	109	17.0	99.0	68.0	20	9.0	11.0	9.0	0	0	1.3641357421875	18600	229.6404368877411	9491	48.973118279569896	
-inf	59.21	10.896341463414634	27.865853658536587	20.25	-3.4120146506373574	93	3524	121	15.0	79.0	57.0	20	9.0	11.0	9.0	0	0	1.3000280857086182	18800	230.9404649734497	9589	48.99468085106383	
-inf	58.99	10.974842767295597	28.77358490566038	20.836477987421382	-3.4120146506373574	94	3565	137	17.0	109.0	75.0	14	9.0	11.0	9.0	0	0	0.9641859531402588	19000	231.90465092658997	9693	48.984210526315785	
-inf	60.56	11.122699386503067	29.233128834355828	21.226993865030675	-3.4120146506373574	95	3602	137	15.0	109.0	75.0	24	9.0	11.0	9.0	0	0	1.4279370307922363	19200	233.3325879573822	9794	48.98958333333333	
-inf	56.1	10.822485207100591	26.39644970414201	19.272189349112427	-3.4120146506373574	96	3633	126	14.0	87.0	60.0	16	9.0	11.0	9.0	0	0	1.043809175491333	19400	234.37639713287354	9886	49.04123711340206	
-inf	61.08	10.78698224852071	26.988165680473372	19.662721893491124	-3.4120146506373574	97	3664	128	14.0	88.0	63.0	14	9.0	11.0	9.0	0	0	1.306182861328125	19600	235.68257999420166	9988	49.04081632653061	
-inf	60.96	10.89655172413793	27.67816091954023	20.224137931034484	-3.4120146506373574	98	3690	125	15.0	115.0	85.0	29	9.0	11.0	9.0	0	0	1.484712839126587	19800	237.16729283332825	10086	49.06060606060606	
-inf	66.59	11.024242424242424	29.624242424242425	21.515151515151516	-3.4120146506373574	99	3725	126	15.0	84.0	60.0	16	9.0	11.0	9.0	0	0	1.2923731803894043	20000	238.45966601371765	10177	49.114999999999995	
-inf	69.11	11.017045454545455	28.795454545454547	20.886363636363637	-3.4120146506373574	100	3749	128	15.0	99.0	68.0	16	9.0	11.0	9.0	0	0	1.1550309658050537	20200	239.6146969795227	10283	49.09405940594059	
-inf	72.88	10.9079754601227	28.312883435582823	20.613496932515336	-3.4120146506373574	101	3786	146	16.0	97.0	67.0	13	9.0	11.0	9.0	0	0	1.6622960567474365	20400	241.27699303627014	10381	49.11274509803921	
-inf	72.04	10.895953757225433	27.936416184971097	20.335260115606935	-3.4120146506373574	102	3813	167	14.0	106.0	75.0	25	9.0	11.0	9.0	0	0	2.0074899196624756	20600	243.28448295593262	10495	49.05339805825243	
-inf	66.495	10.894736842105264	27.29824561403509	19.88888888888889	-3.4120146506373574	103	3842	159	15.0	77.0	53.0	28	9.0	11.0	9.0	0	0	1.4926660060882568	20800	244.77714896202087	10596	49.0576923076923	
-inf	61.315	10.902298850574713	27.316091954022987	19.89080459770115	-3.4120146506373574	104	3868	144	18.0	117.0	79.0	20	9.0	11.0	9.0	0	0	1.3308160305023193	21000	246.1079649925232	10701	49.042857142857144	
-inf	56.24	10.865497076023392	27.321637426900583	19.842105263157894	-3.4120146506373574	105	3897	185	15.0	93.0	63.0	11	9.0	11.0	9.0	0	0	1.2935380935668945	21200	247.4015030860901	10797	49.070754716981135	
-inf	53.38	10.97752808988764	27.876404494382022	20.308988764044944	-3.4120146506373574	106	3919	189	17.0	111.0	76.0	15	9.0	11.0	9.0	0	0	1.6169018745422363	21400	249.01840496063232	10914	49.0	
-inf	55.505	10.873493975903614	27.30722891566265	19.85542168674699	-3.4120146506373574	107	3953	201	17.0	97.0	66.0	15	9.0	11.0	9.0	0	0	2.40818190574646	21600	251.42658686637878	11020	48.98148148148148	
-inf	55.01	11.115151515151515	30.0	21.67878787878788	-3.4120146506373574	108	3988	138	16.0	87.0	59.0	21	9.0	11.0	9.0	0	0	1.7758231163024902	21800	253.20240998268127	11120	48.99082568807339	
-inf	54.23	11.075471698113208	30.452830188679247	21.91823899371069	-3.4120146506373574	109	4029	144	16.0	81.0	56.0	11	9.0	11.0	9.0	0	0	2.467944860458374	22000	255.67035484313965	11212	49.03636363636363	
-inf	57.11	11.242603550295858	32.10059171597633	23.071005917159763	-3.4120146506373574	110	4060	156	17.0	103.0	70.0	12	9.0	11.0	9.0	0	0	2.7503371238708496	22200	258.4206919670105	11318	49.01801801801802	
-inf	57.895	11.167701863354038	29.80745341614907	21.52173913043478	-3.4120146506373574	111	4099	156	16.0	89.0	61.0	22	9.0	11.0	9.0	0	0	2.1802120208740234	22400	260.6009039878845	11411	49.05803571428572	
-inf	59.165	11.11111111111111	29.251461988304094	21.146198830409357	-3.4120146506373574	112	4128	160	15.0	75.0	52.0	24	9.0	11.0	9.0	0	0	2.747464895248413	22600	263.34836888313293	11514	49.05309734513275	
-inf	54.595	10.903614457831326	25.981927710843372	19.02409638554217	-3.4120146506373574	113	4162	156	17.0	97.0	66.0	10	9.0	11.0	9.0	0	0	2.612103223800659	22800	265.9604721069336	11609	49.083333333333336	
-inf	51.585	10.785714285714286	25.696428571428573	18.773809523809526	-3.4120146506373574	114	4194	174	16.0	85.0	58.0	14	9.0	11.0	9.0	0	0	2.2312698364257812	23000	268.1917419433594	11698	49.13913043478261	
-inf	53.37	10.837349397590362	26.216867469879517	19.13855421686747	-3.4120146506373574	115	4228	178	15.0	81.0	55.0	23	9.0	11.0	9.0	0	0	2.9354088306427	23200	271.1271507740021	11792	49.17241379310345	
-inf	55.315	10.988095238095237	28.363095238095237	20.595238095238095	-3.4120146506373574	116	4260	168	16.0	104.0	72.0	16	9.0	11.0	9.0	0	0	2.5660271644592285	23400	273.6931779384613	11893	49.17521367521368	
-inf	50.825	10.964285714285714	26.827380952380953	19.541666666666668	-3.4120146506373574	117	4292	89	15.0	75.0	51.0	23	9.0	11.0	9.0	0	0	1.728841781616211	23600	275.4220197200775	11996	49.16949152542372	
-inf	50.21	11.181818181818182	30.301136363636363	21.863636363636363	-3.4120146506373574	118	4316	97	15.0	75.0	52.0	18	9.0	11.0	9.0	0	0	2.533461093902588	23800	277.9554808139801	12101	49.155462184873954	
-inf	47.585	10.982248520710058	27.846153846153847	20.23076923076923	-3.4120146506373574	119	4347	76	16.0	89.0	61.0	18	9.0	11.0	9.0	0	0	1.7236580848693848	24000	279.6791388988495	12195	49.18749999999999	
-inf	47.43	10.888235294117647	26.75294117647059	19.50588235294118	-3.4120146506373574	120	4377	100	15.0	65.0	46.0	14	9.0	11.0	9.0	0	0	1.8428020477294922	24200	281.521940946579	12290	49.214876033057855	
-inf	47.93	10.79503105590062	26.024844720496894	19.043478260869566	-3.4120146506373574	121	4416	100	15.0	71.0	49.0	9	9.0	11.0	9.0	0	0	1.3713250160217285	24400	282.8932659626007	12379	49.26639344262295	
-inf	47.375	10.791139240506329	26.829113924050635	19.50632911392405	-3.4120146506373574	122	4458	96	14.0	79.0	54.0	13	9.0	11.0	9.0	0	0	1.230484962463379	24600	284.1237509250641	12474	49.292682926829265	
-inf	47.21	10.77710843373494	26.680722891566266	19.427710843373493	-3.4120146506373574	123	4492	91	15.0	75.0	52.0	10	9.0	11.0	9.0	0	0	1.6762568950653076	24800	285.8000078201294	12570	49.314516129032256	
-inf	48.71	10.820224719101123	27.10674157303371	19.735955056179776	-3.4120146506373574	124	4514	84	15.0	77.0	53.0	18	9.0	11.0	9.0	0	0	1.482314109802246	25000	287.28232192993164	12673	49.30799999999999	
-inf	48.085	10.886227544910179	27.227544910179642	19.838323353293415	-3.4120146506373574	125	4547	91	14.0	68.0	49.0	16	9.0	11.0	9.0	0	0	1.3969440460205078	25200	288.67926597595215	12768	49.33333333333333	
-inf	48.46	10.99421965317919	28.710982658959537	20.86705202312139	-3.4120146506373574	126	4574	95	15.0	73.0	50.0	14	9.0	11.0	9.0	0	0	1.5521199703216553	25400	290.2313859462738	12871	49.32677165354331	
-inf	49.89	10.931034482758621	26.70689655172414	19.54022988505747	-3.4120146506373574	127	4600	93	14.0	63.0	44.0	17	9.0	11.0	9.0	0	0	1.8002228736877441	25600	292.03160881996155	12971	49.33203125	
-inf	49.215	10.920245398773005	25.67484662576687	18.84049079754601	-3.4120146506373574	128	4637	93	15.0	81.0	55.0	26	9.0	11.0	9.0	0	0	2.286539077758789	25800	294.31814789772034	13057	49.39147286821706	
-inf	47.845	10.801204819277109	26.301204819277107	19.13855421686747	-3.4120146506373574	129	4671	85	14.0	69.0	47.0	6	9.0	11.0	9.0	0	0	4.3354809284210205	26000	298.65362882614136	13148	49.430769230769236	
-inf	48.235	10.670588235294117	25.323529411764707	18.541176470588237	-3.4120146506373574	130	4701	90	15.0	77.0	53.0	8	9.0	11.0	9.0	0	0	1.6617391109466553	26200	300.315367937088	13239	49.46946564885496	
-inf	47.98	10.8	26.151515151515152	19.133333333333333	-3.4120146506373574	131	4736	88	15.0	85.0	59.0	6	9.0	11.0	9.0	0	0	1.6580321788787842	26400	301.9734001159668	13334	49.492424242424235	
-inf	46.325	10.764705882352942	26.558823529411764	19.4	-3.4120146506373574	132	4766	100	15.0	77.0	53.0	16	9.0	11.0	9.0	0	0	1.8677308559417725	26600	303.84113097190857	13440	49.473684210526315	
-inf	46.34	10.8125	26.625	19.40625	-3.4120146506373574	133	4806	116	14.0	69.0	47.0	4	9.0	11.0	9.0	0	0	2.913100004196167	26800	306.75423097610474	13534	49.5	
-inf	44.95	10.843373493975903	27.349397590361445	19.85542168674699	-3.4120146506373574	134	4840	83	16.0	83.0	57.0	20	9.0	11.0	9.0	0	0	2.069227933883667	27000	308.8234589099884	13630	49.51851851851852	
-inf	46.33	10.87037037037037	27.67283950617284	20.080246913580247	-3.4120146506373574	135	4878	105	16.0	103.0	70.0	13	9.0	11.0	9.0	0	0	6.645097017288208	27200	315.4685559272766	13726	49.536764705882355	
-inf	45.54	10.952380952380953	28.452380952380953	20.583333333333332	-3.4120146506373574	136	4910	109	15.0	94.0	68.0	15	9.0	11.0	9.0	0	0	2.483894109725952	27400	317.95245003700256	13821	49.558394160583944	
-inf	45.795	10.86046511627907	27.488372093023255	20.046511627906977	-3.4120146506373574	137	4938	115	15.0	106.0	76.0	12	9.0	11.0	9.0	0	0	2.0161240100860596	27600	319.9685740470886	13915	49.583333333333336	
-inf	47.035	10.83030303030303	26.43030303030303	19.254545454545454	-3.4120146506373574	138	4973	131	15.0	77.0	53.0	16	9.0	11.0	9.0	0	0	2.1146717071533203	27800	322.08324575424194	14012	49.59712230215827	
-inf	47.805	10.816666666666666	26.58888888888889	19.344444444444445	-3.4120146506373574	139	4993	88	14.0	75.0	52.0	23	9.0	11.0	9.0	0	0	3.3745200634002686	28000	325.4577658176422	14116	49.58571428571429	
-inf	48.58	10.731428571428571	25.88	18.89142857142857	-3.4120146506373574	140	5018	96	15.0	82.0	56.0	22	9.0	11.0	9.0	0	0	2.0837152004241943	28200	327.5414810180664	14226	49.5531914893617	
-inf	48.685	10.988095238095237	28.232142857142858	20.416666666666668	-3.4120146506373574	141	5050	94	17.0	108.0	73.0	16	9.0	11.0	9.0	0	0	3.078200101852417	28400	330.6196811199188	14324	49.56338028169014	
-inf	49.355	10.874213836477987	26.849056603773583	19.48427672955975	-3.4120146506373574	142	5091	98	15.0	73.0	50.0	9	9.0	11.0	9.0	0	0	2.12697696685791	28600	332.74665808677673	14417	49.590909090909086	
-inf	49.76	10.768292682926829	26.896341463414632	19.573170731707318	-3.4120146506373574	143	5127	111	15.0	79.0	54.0	8	9.0	11.0	9.0	0	0	2.125227689743042	28800	334.8718857765198	14500	49.65277777777778	
-inf	48.455	10.910828025477707	27.88535031847134	20.235668789808916	-3.4120146506373574	144	5170	84	16.0	87.0	59.0	10	9.0	11.0	9.0	0	0	1.5841383934020996	29000	336.4560241699219	14587	49.7	
-inf	48.0	10.864197530864198	26.19753086419753	19.074074074074073	-3.4120146506373574	145	5208	87	15.0	75.0	51.0	19	9.0	11.0	9.0	0	0	1.4362969398498535	29200	337.89232110977173	14678	49.73287671232877	
-inf	47.44	10.796296296296296	25.450617283950617	18.59259259259259	-3.4120146506373574	146	5246	97	15.0	73.0	50.0	18	9.0	11.0	9.0	0	0	1.1963887214660645	29400	339.0887098312378	14759	49.79931972789116	
-inf	47.71	10.797546012269938	26.822085889570552	19.52760736196319	-3.4120146506373574	147	5283	87	18.0	107.0	73.0	13	9.0	11.0	9.0	0	0	1.5039479732513428	29600	340.59265780448914	14843	49.854729729729726	
-inf	47.565	10.919254658385093	27.242236024844722	19.801242236024844	-3.4120146506373574	148	5322	83	14.0	76.0	51.0	19	9.0	11.0	9.0	0	0	1.1209559440612793	29800	341.7136137485504	14935	49.88255033557047	
-inf	47.02	10.802469135802468	26.52469135802469	19.320987654320987	-3.4120146506373574	149	5360	88	16.0	105.0	71.0	13	9.0	11.0	9.0	0	0	1.4252793788909912	30000	343.1388931274414	15025	49.916666666666664	
-inf	46.74	10.765822784810126	25.670886075949365	18.759493670886076	-3.4120146506373574	150	5402	96	15.0	79.0	54.0	13	9.0	11.0	9.0	0	0	1.3454499244689941	30200	344.4843430519104	15113	49.95695364238411	
-inf	48.58	10.847133757961783	25.9171974522293	18.955414012738853	-3.4120146506373574	151	5445	110	15.0	75.0	51.0	18	9.0	11.0	9.0	0	0	0.8641579151153564	30400	345.34850096702576	15205	49.983552631578945	
-inf	47.695	10.936046511627907	26.593023255813954	19.430232558139537	-3.4120146506373574	152	5473	107	14.0	72.0	49.0	9	9.0	11.0	9.0	0	0	1.415410041809082	30600	346.76391100883484	15292	50.02614379084967	
-inf	46.95	10.8562874251497	26.04191616766467	19.005988023952096	-3.4120146506373574	153	5506	93	14.0	72.0	49.0	4	9.0	11.0	9.0	0	0	1.036271095275879	30800	347.8001821041107	15383	50.0551948051948	
-inf	47.635	10.755952380952381	25.083333333333332	18.404761904761905	-3.4120146506373574	154	5538	97	16.0	83.0	57.0	16	9.0	11.0	9.0	0	0	1.292935848236084	31000	349.0931179523468	15466	50.10967741935484	
-inf	47.03	10.947368421052632	26.210526315789473	19.16374269005848	-3.4120146506373574	155	5567	99	16.0	83.0	57.0	12	9.0	11.0	9.0	0	0	1.5574531555175781	31200	350.6505711078644	15559	50.131410256410255	
-inf	47.8	11.006211180124224	27.267080745341616	19.888198757763973	-3.4120146506373574	156	5606	77	16.0	83.0	57.0	10	9.0	11.0	9.0	0	0	1.7044458389282227	31400	352.3550169467926	15645	50.175159235668794	
-inf	47.265	10.916666666666666	27.80952380952381	20.226190476190474	-3.4120146506373574	157	5638	97	15.0	127.0	90.0	9	9.0	11.0	9.0	0	0	1.7423250675201416	31600	354.09734201431274	15745	50.174050632911396	
-inf	48.84	10.875739644970414	26.781065088757398	19.4792899408284	-3.4120146506373574	158	5669	94	15.0	81.0	55.0	15	9.0	11.0	9.0	0	0	1.1533207893371582	31800	355.2506628036499	15843	50.17924528301887	
-inf	49.05	10.759036144578314	25.83132530120482	18.849397590361445	-3.4120146506373574	159	5703	101	15.0	69.0	48.0	24	9.0	11.0	9.0	0	0	1.4844050407409668	32000	356.73506784439087	15940	50.1875	
-inf	47.065	10.96045197740113	27.316384180790962	19.836158192090394	-3.4120146506373574	160	5726	113	16.0	85.0	58.0	14	9.0	11.0	9.0	0	0	1.6186790466308594	32200	358.35374689102173	16039	50.18944099378882	
-inf	47.655	10.783625730994151	25.923976608187136	18.91812865497076	-3.4120146506373574	161	5755	101	16.0	85.0	58.0	11	9.0	11.0	9.0	0	0	1.1368699073791504	32400	359.4906167984009	16116	50.25925925925926	
-inf	48.295	10.859756097560975	26.713414634146343	19.432926829268293	-3.4120146506373574	162	5791	90	14.0	67.0	46.0	13	9.0	11.0	9.0	0	0	1.6619880199432373	32600	361.1526048183441	16200	50.306748466257666	
-inf	51.26	10.837209302325581	26.011627906976745	18.96511627906977	-3.4120146506373574	163	5819	90	14.0	69.0	49.0	11	9.0	11.0	9.0	0	0	2.143273115158081	32800	363.2958779335022	16304	50.29268292682927	
-inf	52.25	10.720238095238095	25.517857142857142	18.678571428571427	-3.4120146506373574	164	5851	100	14.0	79.0	54.0	22	9.0	11.0	9.0	0	0	1.4458348751068115	33000	364.741712808609	16391	50.33030303030303	
-inf	53.215	11.046242774566474	28.433526011560694	20.641618497109828	-3.4120146506373574	165	5878	106	16.0	88.0	61.0	14	9.0	11.0	9.0	0	0	1.3634910583496094	33200	366.1052038669586	16484	50.34939759036144	
-inf	53.395	11.057471264367816	29.24137931034483	21.155172413793103	-3.4120146506373574	166	5904	133	16.0	87.0	59.0	14	9.0	11.0	9.0	0	0	1.7160401344299316	33400	367.82124400138855	16588	50.33532934131736	
-inf	54.185	10.953216374269006	28.076023391812864	20.36842105263158	-3.4120146506373574	167	5933	112	14.0	81.0	57.0	6	9.0	11.0	9.0	0	0	1.683464765548706	33600	369.50470876693726	16681	50.354166666666664	
-inf	56.73	10.891566265060241	28.216867469879517	20.50602409638554	-3.4120146506373574	168	5967	124	17.0	98.0	69.0	11	9.0	11.0	9.0	0	0	1.2693932056427002	33800	370.77410197257996	16781	50.35207100591716	
-inf	58.535	10.825301204819278	26.47590361445783	19.30722891566265	-3.4120146506373574	169	6001	135	17.0	93.0	64.0	25	9.0	11.0	9.0	0	0	1.2637991905212402	34000	372.0379011631012	16868	50.38823529411764	
-inf	57.545	10.880952380952381	26.99404761904762	19.69047619047619	-3.4120146506373574	170	6033	116	14.0	89.0	61.0	10	9.0	11.0	9.0	0	0	1.8105926513671875	34200	373.8484938144684	16958	50.41520467836257	
-inf	56.83	11.04093567251462	28.86549707602339	20.91812865497076	-3.4120146506373574	171	6062	120	16.0	96.0	65.0	14	9.0	11.0	9.0	0	0	1.6016860008239746	34400	375.45017981529236	17058	50.41279069767442	
-inf	54.485	11.084848484848484	30.715151515151515	22.12727272727273	-3.4120146506373574	172	6097	125	17.0	112.0	75.0	20	9.0	11.0	9.0	0	0	3.157567262649536	34600	378.6077470779419	17148	50.4393063583815	
-inf	55.285	10.950617283950617	28.450617283950617	20.641975308641975	-3.4120146506373574	173	6135	119	17.0	95.0	66.0	18	9.0	11.0	9.0	0	0	1.6348979473114014	34800	380.2426450252533	17237	50.4683908045977	
-inf	56.885	10.895348837209303	29.203488372093023	21.087209302325583	-3.4120146506373574	174	6163	132	17.0	95.0	66.0	25	9.0	11.0	9.0	0	0	1.4997267723083496	35000	381.74237179756165	17349	50.43142857142857	
-inf	55.86	10.91764705882353	28.129411764705882	20.423529411764704	-3.4120146506373574	175	6193	119	15.0	81.0	55.0	12	9.0	11.0	9.0	0	0	1.2824971675872803	35200	383.0248689651489	17446	50.4375	
-inf	57.13	10.802469135802468	26.820987654320987	19.567901234567902	-3.4120146506373574	176	6231	136	15.0	73.0	52.0	24	9.0	11.0	9.0	0	0	1.687640905380249	35400	384.7125098705292	17525	50.494350282485875	
-inf	55.315	11.041176470588235	28.194117647058825	20.48235294117647	-3.4120146506373574	177	6261	152	16.0	91.0	62.0	17	9.0	11.0	9.0	0	0	2.286543130874634	35600	386.9990530014038	17612	50.52808988764045	
-inf	53.37	11.056818181818182	28.0625	20.380681818181817	-3.4120146506373574	178	6285	116	17.0	105.0	71.0	27	9.0	11.0	9.0	0	0	1.3853347301483154	35800	388.3843877315521	17715	50.51675977653631	
-inf	53.225	11.075581395348838	28.13953488372093	20.47093023255814	-3.4120146506373574	179	6313	127	15.0	77.0	54.0	19	9.0	11.0	9.0	0	0	1.636284351348877	36000	390.020672082901	17809	50.53055555555556	
-inf	53.265	11.099415204678362	28.251461988304094	20.567251461988302	-3.4120146506373574	180	6342	146	15.0	84.0	57.0	25	9.0	11.0	9.0	0	0	1.5161488056182861	36200	391.5368208885193	17891	50.57734806629834	
-inf	47.99	11.130434782608695	27.70186335403727	20.198757763975156	-3.4120146506373574	181	6381	146	16.0	83.0	57.0	15	9.0	11.0	9.0	0	0	1.891127109527588	36400	393.4279479980469	17978	50.60989010989011	
-inf	48.85	10.716049382716049	26.049382716049383	19.02469135802469	-3.4120146506373574	182	6419	107	15.0	78.0	54.0	9	9.0	11.0	9.0	0	0	1.3999848365783691	36600	394.82793283462524	18052	50.677595628415304	
-inf	48.37	10.878787878787879	26.6	19.412121212121214	-3.4120146506373574	183	6454	99	15.0	78.0	54.0	3	9.0	11.0	9.0	0	0	1.7270050048828125	36800	396.55493783950806	18142	50.70108695652174	
-inf	47.58	10.853333333333333	27.233333333333334	19.793333333333333	-3.4120146506373574	184	6504	112	15.0	78.0	54.0	6	9.0	11.0	9.0	0	0	1.7091140747070312	37000	398.2640519142151	18227	50.73783783783784	
-inf	48.33	10.755952380952381	25.904761904761905	18.922619047619047	-3.4120146506373574	185	6536	112	14.0	72.0	49.0	6	9.0	11.0	9.0	0	0	1.128803014755249	37200	399.39285492897034	18317	50.76075268817205	
-inf	47.685	10.921686746987952	26.620481927710845	19.44578313253012	-3.4120146506373574	186	6570	115	14.0	71.0	50.0	14	9.0	11.0	9.0	0	0	1.6494941711425781	37400	401.0423491001129	18408	50.780748663101605	
-inf	48.85	11.0	27.490909090909092	19.933333333333334	-3.4120146506373574	187	6605	95	15.0	81.0	55.0	17	9.0	11.0	9.0	0	0	1.609043836593628	37600	402.65139293670654	18498	50.8031914893617	
-inf	48.86	10.945121951219512	27.536585365853657	20.01829268292683	-3.4120146506373574	188	6641	97	16.0	91.0	62.0	14	9.0	11.0	9.0	0	0	1.6092329025268555	37800	404.2606258392334	18594	50.80952380952381	
-inf	47.195	11.023809523809524	28.702380952380953	20.797619047619047	-3.4120146506373574	189	6673	92	15.0	91.0	62.0	14	9.0	11.0	9.0	0	0	1.5519449710845947	38000	405.812570810318	18695	50.80263157894736	
-inf	47.455	10.953757225433526	27.797687861271676	20.190751445086704	-3.4120146506373574	190	6700	80	15.0	99.0	68.0	13	9.0	11.0	9.0	0	0	1.9670400619506836	38200	407.7796108722687	18804	50.774869109947645	
-inf	48.38	10.6625	25.33125	18.6	-3.4120146506373574	191	6740	92	15.0	70.0	51.0	23	9.0	11.0	9.0	0	0	1.1357831954956055	38400	408.9153940677643	18881	50.830729166666664	
-inf	51.41	10.942196531791907	27.99421965317919	20.36416184971098	-3.4120146506373574	192	6767	93	15.0	74.0	50.0	13	9.0	11.0	9.0	0	0	1.5202670097351074	38600	410.4356610774994	18983	50.82124352331606	
-inf	51.8	11.08187134502924	29.830409356725145	21.502923976608187	-3.4120146506373574	193	6796	100	15.0	111.0	76.0	17	9.0	11.0	9.0	0	0	2.8823659420013428	38800	413.31802701950073	19082	50.81958762886598	
-inf	48.77	10.85	27.3125	19.83125	-3.4120146506373574	194	6836	104	15.0	82.0	56.0	10	9.0	11.0	9.0	0	0	1.0855307579040527	39000	414.4035577774048	19164	50.861538461538466	
-inf	48.085	10.693251533742332	25.901840490797547	18.84049079754601	-3.4120146506373574	195	6873	107	15.0	82.0	56.0	10	9.0	11.0	9.0	0	0	1.4821462631225586	39200	415.88570404052734	19249	50.8954081632653	
-inf	49.835	10.916666666666666	27.791666666666668	20.148809523809526	-3.4120146506373574	196	6905	100	15.0	82.0	56.0	23	9.0	11.0	9.0	0	0	1.0270819664001465	39400	416.9127860069275	19344	50.90355329949239	
-inf	48.9	10.993788819875776	29.18633540372671	21.024844720496894	-3.4120146506373574	197	6944	103	16.0	89.0	61.0	10	9.0	11.0	9.0	0	0	1.2237608432769775	39600	418.13654685020447	19438	50.91414141414141	
-inf	48.21	11.164634146341463	30.5609756097561	21.975609756097562	-3.4120146506373574	198	6980	96	16.0	89.0	61.0	5	9.0	11.0	9.0	0	0	1.63688325881958	39800	419.77343010902405	19539	50.90703517587939	
-inf	50.43	11.248484848484848	31.381818181818183	22.575757575757574	-3.4120146506373574	199	7015	109	16.0	117.0	83.0	10	9.0	11.0	9.0	0	0	2.3329598903656006	40000	422.10638999938965	19642	50.895	
-inf	50.41	11.244047619047619	30.81547619047619	22.142857142857142	-3.4120146506373574	200	7047	95	17.0	95.0	65.0	7	9.0	11.0	9.0	0	0	2.0421509742736816	40200	424.14854097366333	19743	50.88805970149254	
-inf	51.43	11.07514450867052	28.583815028901736	20.722543352601157	-3.4120146506373574	201	7074	95	17.0	95.0	65.0	17	9.0	11.0	9.0	0	0	1.4594800472259521	40400	425.6080210208893	19842	50.886138613861384	
-inf	48.95	11.141975308641975	28.78395061728395	20.820987654320987	-3.4120146506373574	202	7112	94	15.0	79.0	54.0	12	9.0	11.0	9.0	0	0	1.2922799587249756	40600	426.90030097961426	19936	50.89655172413793	
-inf	47.675	10.847560975609756	26.701219512195124	19.378048780487806	-3.4120146506373574	203	7148	81	15.0	83.0	56.0	24	9.0	11.0	9.0	0	0	3.596724033355713	40800	430.49702501296997	20024	50.92156862745098	
-inf	47.94	10.864197530864198	27.67283950617284	20.080246913580247	-3.4120146506373574	204	7186	87	15.0	111.0	76.0	17	9.0	11.0	9.0	0	0	3.047990083694458	41000	433.54501509666443	20118	50.93170731707317	
-inf	48.025	11.0625	29.16875	21.1125	-3.4120146506373574	205	7226	108	17.0	133.0	91.0	3	9.0	11.0	9.0	0	0	1.6569569110870361	41200	435.20197200775146	20200	50.970873786407765	
-inf	47.855	10.970059880239521	27.323353293413174	19.904191616766468	-3.4120146506373574	206	7259	102	15.0	67.0	47.0	7	9.0	11.0	9.0	0	0	2.08158802986145	41400	437.2835600376129	20291	50.98792270531401	
-inf	45.945	10.955974842767295	27.955974842767297	20.31446540880503	-3.4120146506373574	207	7300	101	15.0	69.0	48.0	8	9.0	11.0	9.0	0	0	1.8897457122802734	41600	439.1733057498932	20381	51.00721153846154	
-inf	47.625	11.006024096385541	27.246987951807228	19.813253012048193	-3.4120146506373574	208	7334	91	14.0	77.0	53.0	11	9.0	11.0	9.0	0	0	2.013453245162964	41800	441.18675899505615	20478	51.00956937799043	
-inf	46.795	10.910714285714286	26.327380952380953	19.208333333333332	-3.4120146506373574	209	7366	97	15.0	69.0	47.0	24	9.0	11.0	9.0	0	0	1.6875240802764893	42000	442.87428307533264	20555	51.05952380952381	
-inf	47.285	10.994117647058824	26.376470588235293	19.276470588235295	-3.4120146506373574	210	7396	84	15.0	79.0	54.0	16	9.0	11.0	9.0	0	0	2.0011119842529297	42200	444.87539505958557	20641	51.08767772511848	
-inf	47.915	10.765060240963855	25.518072289156628	18.63855421686747	-3.4120146506373574	211	7430	100	16.0	93.0	63.0	21	9.0	11.0	9.0	0	0	1.316098928451538	42400	446.1914939880371	20729	51.110849056603776	
-inf	49.625	11.06832298136646	29.509316770186334	21.316770186335404	-3.4120146506373574	212	7469	104	17.0	95.0	65.0	24	9.0	11.0	9.0	0	0	1.6249799728393555	42600	447.81647396087646	20822	51.12206572769953	
-inf	49.005	10.829545454545455	26.90909090909091	19.5625	-3.4120146506373574	213	7493	107	15.0	115.0	78.0	10	9.0	11.0	9.0	0	0	1.7467689514160156	42800	449.5632429122925	20916	51.13084112149533	
-inf	48.71	10.895061728395062	27.37037037037037	19.88888888888889	-3.4120146506373574	214	7531	90	15.0	79.0	54.0	18	9.0	11.0	9.0	0	0	2.2156481742858887	43000	451.77889108657837	21005	51.151162790697676	
-inf	49.805	10.858895705521473	26.14723926380368	19.061349693251532	-3.4120146506373574	215	7568	91	16.0	89.0	61.0	18	9.0	11.0	9.0	0	0	2.0730926990509033	43200	453.8519837856293	21093	51.173611111111114	
-inf	50.055	11.00578034682081	27.739884393063583	20.24277456647399	-3.4120146506373574	216	7595	103	15.0	88.0	62.0	21	9.0	11.0	9.0	0	0	1.908677101135254	43400	455.7606608867645	21182	51.193548387096776	
-inf	49.605	10.75	26.597560975609756	19.463414634146343	-3.4120146506373574	217	7631	94	14.0	88.0	62.0	17	9.0	11.0	9.0	0	0	1.8112258911132812	43600	457.5718867778778	21263	51.23165137614679	
-inf	52.825	10.914634146341463	27.036585365853657	19.76829268292683	-3.4120146506373574	218	7667	115	15.0	95.0	66.0	13	9.0	11.0	9.0	0	0	1.8488812446594238	43800	459.42076802253723	21350	51.25570776255708	
-inf	53.835	11.024096385542169	29.216867469879517	21.210843373493976	-3.4120146506373574	219	7701	115	18.0	117.0	78.0	16	9.0	11.0	9.0	0	0	2.3875110149383545	44000	461.8082790374756	21456	51.236363636363635	
-inf	54.19	10.931818181818182	27.670454545454547	20.164772727272727	-3.4120146506373574	220	7725	135	15.0	143.0	96.0	16	9.0	11.0	9.0	0	0	1.8320441246032715	44200	463.64032316207886	21552	51.23981900452489	
-inf	50.565	10.811764705882354	25.98235294117647	19.0	-3.4120146506373574	221	7755	117	15.0	95.0	66.0	24	9.0	11.0	9.0	0	0	1.296475887298584	44400	464.93679904937744	21638	51.265765765765764	
-inf	48.66	10.977142857142857	27.485714285714284	19.982857142857142	-3.4120146506373574	222	7780	117	16.0	90.0	62.0	18	9.0	11.0	9.0	0	0	1.2809069156646729	44600	466.2177059650421	21723	51.29372197309417	
-inf	49.095	11.006410256410257	28.314102564102566	20.525641025641026	-3.4120146506373574	223	7824	92	16.0	90.0	62.0	9	9.0	11.0	9.0	0	0	1.2259268760681152	44800	467.44363284111023	21807	51.323660714285715	
-inf	47.91	10.81875	26.15625	19.1125	-3.4120146506373574	224	7864	114	17.0	105.0	70.0	11	9.0	11.0	9.0	0	0	1.1542952060699463	45000	468.5979280471802	21889	51.35777777777778	
-inf	48.395	10.957317073170731	26.75	19.53048780487805	-3.4120146506373574	225	7900	91	14.0	71.0	50.0	23	9.0	11.0	9.0	0	0	2.5810599327087402	45200	471.1789879798889	21979	51.373893805309734	
-inf	48.46	10.871165644171779	26.042944785276074	19.079754601226995	-3.4120146506373574	226	7937	95	15.0	77.0	53.0	20	9.0	11.0	9.0	0	0	1.784855842590332	45400	472.96384382247925	22057	51.41629955947137	
-inf	49.26	10.975903614457831	26.216867469879517	19.216867469879517	-3.4120146506373574	227	7971	89	15.0	77.0	53.0	21	9.0	11.0	9.0	0	0	2.5239012241363525	45600	475.4877450466156	22136	51.45614035087719	
-inf	49.695	10.91764705882353	25.788235294117648	18.88235294117647	-3.4120146506373574	228	8001	96	16.0	91.0	62.0	18	9.0	11.0	9.0	0	0	3.2223689556121826	45800	478.7101140022278	22225	51.47379912663755	
-inf	49.23	10.938202247191011	26.97752808988764	19.640449438202246	-3.4120146506373574	229	8023	82	16.0	85.0	58.0	24	9.0	11.0	9.0	0	0	1.4075260162353516	46000	480.11764001846313	22317	51.48478260869565	
-inf	51.02	11.0	27.79375	20.2	-3.4120146506373574	230	8063	89	16.0	85.0	58.0	17	9.0	11.0	9.0	0	0	2.0456387996673584	46200	482.1632788181305	22412	51.48917748917749	
-inf	50.57	11.023255813953488	27.482558139534884	19.99418604651163	-3.4120146506373574	231	8091	91	16.0	85.0	58.0	16	9.0	11.0	9.0	0	0	1.5131330490112305	46400	483.6764118671417	22498	51.512931034482754	
-inf	51.855	11.053892215568862	27.562874251497007	20.035928143712574	-3.4120146506373574	232	8124	97	15.0	89.0	61.0	15	9.0	11.0	9.0	0	0	1.780508279800415	46600	485.45692014694214	22584	51.53648068669528	
-inf	52.075	10.981818181818182	27.21212121212121	19.842424242424244	-3.4120146506373574	233	8159	93	14.0	74.0	50.0	15	9.0	11.0	9.0	0	0	1.366999626159668	46800	486.8239197731018	22680	51.53846153846154	
-inf	49.57	10.971098265895954	27.046242774566473	19.69364161849711	-3.4120146506373574	234	8186	99	16.0	91.0	61.0	19	9.0	11.0	9.0	0	0	1.066885232925415	47000	487.8908050060272	22771	51.55106382978724	
-inf	50.555	10.970588235294118	27.576470588235296	20.05294117647059	-3.4120146506373574	235	8216	92	18.0	103.0	71.0	25	9.0	11.0	9.0	0	0	1.5549299716949463	47200	489.44573497772217	22864	51.559322033898304	
-inf	49.5	10.909604519774012	27.72316384180791	20.15819209039548	-3.4120146506373574	236	8239	94	18.0	103.0	71.0	17	9.0	11.0	9.0	0	0	2.0963470935821533	47400	491.5420820713043	22950	51.58227848101266	
-inf	50.09	10.770186335403727	25.434782608695652	18.645962732919255	-3.4120146506373574	237	8278	143	16.0	81.0	56.0	21	9.0	11.0	9.0	0	0	1.5452637672424316	47600	493.08734583854675	23027	51.62394957983194	
-inf	47.47	10.885057471264368	26.850574712643677	19.54597701149425	-3.4120146506373574	238	8304	116	15.0	111.0	76.0	20	9.0	11.0	9.0	0	0	1.8587892055511475	47800	494.9461350440979	23124	51.6234309623431	
-inf	45.425	10.809815950920246	25.625766871165645	18.699386503067483	-3.4120146506373574	239	8341	98	14.0	76.0	51.0	13	9.0	11.0	9.0	0	0	2.019446849822998	48000	496.9655818939209	23205	51.65625	
-inf	45.765	10.695121951219512	25.121951219512194	18.317073170731707	-3.4120146506373574	240	8377	82	15.0	78.0	52.0	7	9.0	11.0	9.0	0	0	2.7407679557800293	48200	499.7063498497009	23293	51.67427385892116	
-inf	45.735	10.819277108433734	26.58433734939759	19.367469879518072	-3.4120146506373574	241	8411	93	16.0	98.0	66.0	17	9.0	11.0	9.0	0	0	3.092128038406372	48400	502.7984778881073	23389	51.675619834710744	
-inf	44.705	10.957575757575757	27.44848484848485	19.993939393939392	-3.4120146506373574	242	8446	104	16.0	97.0	67.0	9	9.0	11.0	9.0	0	0	1.8030261993408203	48600	504.6015040874481	23480	51.687242798353914	
-inf	46.485	10.682926829268293	25.170731707317074	18.445121951219512	-3.4120146506373574	243	8482	85	14.0	75.0	52.0	7	9.0	11.0	9.0	0	0	1.504126787185669	48800	506.1056308746338	23565	51.71106557377049	
-inf	47.255	10.761290322580646	25.329032258064515	18.56774193548387	-3.4120146506373574	244	8527	81	14.0	61.0	43.0	11	9.0	11.0	9.0	0	0	1.0906641483306885	49000	507.1962950229645	23648	51.738775510204086	
-inf	48.4	10.648148148148149	24.364197530864196	17.925925925925927	-3.4120146506373574	245	8565	81	14.0	67.0	46.0	10	9.0	11.0	9.0	0	0	1.5170097351074219	49200	508.7133047580719	23728	51.77235772357724	
-inf	48.625	10.802469135802468	25.88888888888889	18.925925925925927	-3.4120146506373574	246	8603	91	14.0	67.0	46.0	16	9.0	11.0	9.0	0	0	1.042079210281372	49400	509.75538396835327	23815	51.7914979757085	
-inf	51.305	10.925925925925926	26.549382716049383	19.444444444444443	-3.4120146506373574	247	8641	98	15.0	118.0	82.0	19	9.0	11.0	9.0	0	0	2.5797929763793945	49600	512.3351769447327	23913	51.788306451612904	
-inf	52.11	10.761627906976743	25.959302325581394	18.988372093023255	-3.4120146506373574	248	8669	102	16.0	97.0	67.0	17	9.0	11.0	9.0	0	0	1.5645818710327148	49800	513.8997588157654	24005	51.79718875502008	
-inf	51.88	10.734177215189874	25.360759493670887	18.582278481012658	-3.4120146506373574	249	8711	102	15.0	77.0	53.0	18	9.0	11.0	9.0	0	0	0.7961881160736084	50000	514.695946931839	24075	51.85	
-inf	48.85	10.873493975903614	27.126506024096386	19.801204819277107	-3.4120146506373574	250	8745	92	16.0	101.0	69.0	14	9.0	11.0	9.0	0	0	1.903839111328125	50200	516.5997860431671	24158	51.876494023904385	
-inf	47.96	10.795180722891565	26.03614457831325	19.05421686746988	-3.4120146506373574	251	8779	115	16.0	101.0	69.0	14	9.0	11.0	9.0	0	0	1.4784488677978516	50400	518.078234910965	24237	51.910714285714285	
-inf	49.28	10.869047619047619	26.625	19.416666666666668	-3.4120146506373574	252	8811	127	15.0	77.0	53.0	13	9.0	11.0	9.0	0	0	1.6246051788330078	50600	519.702840089798	24323	51.930830039525695	
-inf	48.71	10.748427672955975	25.157232704402517	18.427672955974842	-3.4120146506373574	253	8852	128	15.0	77.0	53.0	14	9.0	11.0	9.0	0	0	2.6106748580932617	50800	522.3135149478912	24404	51.960629921259844	
-inf	46.44	10.916666666666666	26.26923076923077	19.21153846153846	-3.4120146506373574	254	8896	83	15.0	79.0	54.0	16	9.0	11.0	9.0	0	0	1.7348198890686035	51000	524.0483348369598	24487	51.98627450980392	
-inf	47.3	10.801204819277109	26.042168674698797	19.042168674698797	-3.4120146506373574	255	8930	90	14.0	67.0	46.0	12	9.0	11.0	9.0	0	0	1.5348451137542725	51200	525.5831799507141	24565	52.021484375	
-inf	49.025	10.792899408284024	26.384615384615383	19.23076923076923	-3.4120146506373574	256	8961	88	15.0	107.0	72.0	13	9.0	11.0	9.0	0	0	3.7692160606384277	51400	529.3523960113525	24666	52.01167315175097	
-inf	48.085	10.840490797546012	26.595092024539877	19.319018404907975	-3.4120146506373574	257	8998	77	15.0	69.0	49.0	4	9.0	11.0	9.0	0	0	1.489574909210205	51600	530.8419709205627	24738	52.05813953488372	
-inf	48.275	10.75301204819277	27.06024096385542	19.656626506024097	-3.4120146506373574	258	9032	77	14.0	95.0	68.0	22	9.0	11.0	9.0	0	0	2.3954901695251465	51800	533.2374610900879	24832	52.06177606177606	
-inf	49.81	10.703488372093023	25.88953488372093	18.88953488372093	-3.4120146506373574	259	9060	90	14.0	65.0	45.0	14	9.0	11.0	9.0	0	0	3.476550817489624	52000	536.7140119075775	24922	52.073076923076925	
-inf	49.39	10.824242424242424	27.484848484848484	19.939393939393938	-3.4120146506373574	260	9095	90	15.0	69.0	48.0	22	9.0	11.0	9.0	0	0	7.881405830383301	52200	544.5954177379608	25017	52.07471264367816	
-inf	49.175	10.923529411764706	27.858823529411765	20.235294117647058	-3.4120146506373574	261	9125	91	14.0	71.0	48.0	13	9.0	11.0	9.0	0	0	2.7550783157348633	52400	547.3504960536957	25116	52.06870229007634	
-inf	52.145	10.882352941176471	27.758823529411764	20.194117647058825	-3.4120146506373574	262	9155	100	15.0	81.0	55.0	14	9.0	11.0	9.0	0	0	3.5743088722229004	52600	550.9248049259186	25229	52.036121673003805	
-inf	55.475	10.88268156424581	26.441340782122904	19.34078212290503	-3.4120146506373574	263	9176	102	15.0	71.0	49.0	12	9.0	11.0	9.0	0	0	2.747699022293091	52800	553.6725039482117	25313	52.05871212121212	
-inf	53.89	10.982142857142858	27.470238095238095	19.958333333333332	-3.4120146506373574	264	9208	107	15.0	79.0	54.0	31	9.0	11.0	9.0	0	0	3.437976837158203	53000	557.1104807853699	25408	52.06037735849057	
-inf	50.13	11.106508875739644	28.467455621301774	20.62130177514793	-3.4120146506373574	265	9239	103	15.0	73.0	51.0	17	9.0	11.0	9.0	0	0	3.361302137374878	53200	560.4717829227448	25501	52.06578947368421	
-inf	50.43	10.91875	26.5625	19.325	-3.4120146506373574	266	9279	103	14.0	67.0	45.0	14	9.0	11.0	9.0	0	0	3.429564952850342	53400	563.9013478755951	25581	52.09550561797753	
-inf	50.335	10.956521739130435	26.832298136645964	19.577639751552795	-3.4120146506373574	267	9318	99	17.0	103.0	69.0	8	9.0	11.0	9.0	0	0	1.8235619068145752	53600	565.7249097824097	25666	52.115671641791046	
-inf	50.66	10.779874213836479	25.68553459119497	18.855345911949687	-3.4120146506373574	268	9359	105	15.0	88.0	59.0	15	9.0	11.0	9.0	0	0	1.6708111763000488	53800	567.3957209587097	25738	52.15985130111524	
-inf	49.745	10.793939393939393	26.006060606060608	19.03030303030303	-3.4120146506373574	269	9394	110	15.0	79.0	55.0	19	9.0	11.0	9.0	0	0	1.4542300701141357	54000	568.8499510288239	25822	52.181481481481484	
-inf	49.995	10.900621118012422	27.15527950310559	19.788819875776397	-3.4120146506373574	270	9433	97	15.0	79.0	55.0	12	9.0	11.0	9.0	0	0	1.2480230331420898	54200	570.0979740619659	25909	52.19741697416974	
-inf	52.525	11.012820512820513	28.32051282051282	20.615384615384617	-3.4120146506373574	271	9477	117	16.0	83.0	57.0	21	9.0	11.0	9.0	0	0	1.5049006938934326	54400	571.6028747558594	26009	52.189338235294116	
-inf	52.185	11.119047619047619	28.61904761904762	20.857142857142858	-3.4120146506373574	272	9509	118	18.0	109.0	74.0	13	9.0	11.0	9.0	0	0	2.1448073387145996	54600	573.747682094574	26113	52.17399267399267	
-inf	53.405	10.783132530120483	25.698795180722893	18.795180722891565	-3.4120146506373574	273	9543	122	16.0	99.0	68.0	17	9.0	11.0	9.0	0	0	1.9661786556243896	54800	575.7138607501984	26197	52.19525547445256	
-inf	55.09	11.012121212121212	28.296969696969697	20.575757575757574	-3.4120146506373574	274	9578	133	16.0	99.0	68.0	15	9.0	11.0	9.0	0	0	1.7869641780853271	55000	577.5008249282837	26294	52.192727272727275	
-inf	55.66	11.393063583815028	31.786127167630056	22.890173410404625	-3.4120146506373574	275	9605	141	16.0	81.0	56.0	16	9.0	11.0	9.0	0	0	2.829108238220215	55200	580.3299331665039	26397	52.17934782608696	
-inf	56.175	11.033898305084746	29.259887005649716	21.19774011299435	-3.4120146506373574	276	9628	148	15.0	81.0	55.0	9	9.0	11.0	9.0	0	0	4.790703773498535	55400	585.1206369400024	26501	52.164259927797836	
-inf	56.855	10.901162790697674	28.46511627906977	20.66860465116279	-3.4120146506373574	277	9656	156	15.0	69.0	48.0	6	9.0	11.0	9.0	0	0	3.2386789321899414	55600	588.3593158721924	26604	52.15107913669065	
-inf	61.695	10.900621118012422	28.043478260869566	20.267080745341616	-3.4120146506373574	278	9695	161	15.0	75.0	51.0	14	9.0	11.0	9.0	0	0	2.498265266418457	55800	590.8575811386108	26676	52.19354838709677	
-inf	61.745	10.767045454545455	26.613636363636363	19.380681818181817	-3.4120146506373574	279	9719	167	15.0	96.0	68.0	15	9.0	11.0	9.0	0	0	2.4088428020477295	56000	593.2664239406586	26776	52.18571428571428	
-inf	66.015	10.982142857142858	28.910714285714285	20.892857142857142	-3.4120146506373574	280	9751	158	18.0	116.0	81.0	23	9.0	11.0	9.0	0	0	3.7920379638671875	56200	597.0584619045258	26869	52.19039145907473	
-inf	62.58	10.940828402366863	28.644970414201183	20.727810650887573	-3.4120146506373574	281	9782	169	15.0	138.0	96.0	27	9.0	11.0	9.0	0	0	2.182371139526367	56400	599.2408330440521	26953	52.21099290780142	
-inf	63.785	10.987261146496815	28.961783439490446	21.02547770700637	-3.4120146506373574	282	9825	171	15.0	92.0	66.0	23	9.0	11.0	9.0	0	0	1.9972858428955078	56600	601.2381188869476	27044	52.21908127208481	
-inf	67.425	10.898809523809524	28.553571428571427	20.654761904761905	-3.4120146506373574	283	9857	178	15.0	77.0	53.0	21	9.0	11.0	9.0	0	0	1.5850739479064941	56800	602.8231928348541	27140	52.218309859154935	
-inf	65.25	11.030303030303031	29.193939393939395	21.12727272727273	-3.4120146506373574	284	9892	182	15.0	81.0	55.0	20	9.0	11.0	9.0	0	0	3.0802371501922607	57000	605.9034299850464	27235	52.219298245614034	
-inf	58.11	11.191616766467066	29.790419161676645	21.54491017964072	-3.4120146506373574	285	9925	177	15.0	83.0	57.0	20	9.0	11.0	9.0	0	0	1.9725978374481201	57200	607.8760278224945	27341	52.20104895104895	
-inf	55.395	10.960227272727273	28.005681818181817	20.27840909090909	-3.4120146506373574	286	9949	176	15.0	77.0	53.0	20	9.0	11.0	9.0	0	0	1.8298330307006836	57400	609.7058608531952	27439	52.19686411149826	
-inf	53.0	10.867469879518072	27.451807228915662	19.96385542168675	-3.4120146506373574	287	9983	173	15.0	110.0	78.0	19	9.0	11.0	9.0	0	0	0.9866349697113037	57600	610.6924958229065	27517	52.22743055555556	
-inf	52.195	10.948051948051948	28.136363636363637	20.493506493506494	-3.4120146506373574	288	10029	176	14.0	85.0	59.0	14	9.0	11.0	9.0	0	0	2.0297930240631104	57800	612.7222888469696	27607	52.23702422145329	
-inf	50.67	10.836363636363636	27.24848484848485	19.87272727272727	-3.4120146506373574	289	10064	94	15.0	72.0	49.0	22	9.0	11.0	9.0	0	0	1.804678201675415	58000	614.526967048645	27696	52.248275862068965	
-inf	50.175	10.810975609756097	26.23170731707317	19.164634146341463	-3.4120146506373574	290	10100	89	14.0	72.0	49.0	22	9.0	11.0	9.0	0	0	1.4839167594909668	58200	616.010883808136	27782	52.26460481099656	
-inf	50.92	10.950920245398773	27.447852760736197	19.975460122699385	-3.4120146506373574	291	10137	97	16.0	87.0	59.0	17	9.0	11.0	9.0	0	0	2.4729971885681152	58400	618.4838809967041	27873	52.272260273972606	
-inf	49.31	10.83673469387755	26.503401360544217	19.292517006802722	-3.4120146506373574	292	10190	103	15.0	109.0	75.0	5	9.0	11.0	9.0	0	0	2.0435221195220947	58600	620.5274031162262	27955	52.29522184300342	
-inf	51.155	10.745454545454546	26.048484848484847	19.042424242424243	-3.4120146506373574	293	10225	109	14.0	71.0	50.0	12	9.0	11.0	9.0	0	0	2.226315975189209	58800	622.7537190914154	28043	52.3078231292517	
-inf	48.79	10.809815950920246	27.65644171779141	20.0920245398773	-3.4120146506373574	294	10262	115	18.0	115.0	78.0	10	9.0	11.0	9.0	0	0	1.4972658157348633	59000	624.2509849071503	28119	52.340677966101694	
-inf	47.925	11.128205128205128	29.94871794871795	21.634615384615383	-3.4120146506373574	295	10306	103	15.0	79.0	53.0	4	9.0	11.0	9.0	0	0	1.836555004119873	59200	626.0875399112701	28211	52.34628378378378	
-inf	47.175	11.164556962025317	30.120253164556964	21.71518987341772	-3.4120146506373574	296	10348	116	16.0	98.0	66.0	15	9.0	11.0	9.0	0	0	1.1930429935455322	59400	627.2805829048157	28306	52.34680134680135	
-inf	49.415	10.825581395348838	28.226744186046513	20.38372093023256	-3.4120146506373574	297	10376	132	16.0	98.0	66.0	16	9.0	11.0	9.0	0	0	1.8547582626342773	59600	629.13534116745	28404	52.34228187919463	
-inf	49.945	10.75301204819277	27.03012048192771	19.60843373493976	-3.4120146506373574	298	10410	132	17.0	107.0	76.0	17	9.0	11.0	9.0	0	0	1.2955636978149414	59800	630.4309048652649	28491	52.3561872909699	
-inf	50.535	10.78048780487805	27.75609756097561	20.121951219512194	-3.4120146506373574	299	10446	120	17.0	103.0	70.0	7	9.0	11.0	9.0	0	0	1.5994231700897217	60000	632.0303280353546	28577	52.37166666666667	
-inf	49.86	10.848101265822784	27.72151898734177	20.132911392405063	-3.4120146506373574	300	10488	112	15.0	83.0	56.0	7	9.0	11.0	9.0	0	0	2.068922996520996	60200	634.0992510318756	28675	52.3671096345515	
-inf	49.765	10.813664596273291	27.043478260869566	19.68944099378882	-3.4120146506373574	301	10527	121	15.0	106.0	74.0	19	9.0	11.0	9.0	0	0	1.2202208042144775	60400	635.3194718360901	28749	52.402317880794705	
-inf	50.665	10.802395209580839	27.40119760479042	19.976047904191617	-3.4120146506373574	302	10560	130	15.0	118.0	83.0	18	9.0	11.0	9.0	0	0	1.8286850452423096	60600	637.1481568813324	28829	52.42739273927393	
-inf	49.765	10.857142857142858	26.950310559006212	19.683229813664596	-3.4120146506373574	303	10599	128	15.0	134.0	93.0	13	9.0	11.0	9.0	0	0	2.0129971504211426	60800	639.1611540317535	28912	52.44736842105263	
-inf	52.525	10.841463414634147	26.475609756097562	19.396341463414632	-3.4120146506373574	304	10635	119	17.0	171.0	119.0	10	9.0	11.0	9.0	0	0	2.296973943710327	61000	641.4581279754639	28999	52.46065573770492	
-inf	50.59	10.926829268292684	26.963414634146343	19.73780487804878	-3.4120146506373574	305	10671	124	15.0	124.0	89.0	8	9.0	11.0	9.0	0	0	2.1146819591522217	61200	643.5728099346161	29081	52.48202614379085	
-inf	52.615	10.824561403508772	26.251461988304094	19.216374269005847	-3.4120146506373574	306	10700	124	15.0	73.0	51.0	15	9.0	11.0	9.0	0	0	1.2744450569152832	61400	644.8472549915314	29169	52.49348534201954	
-inf	48.94	10.907407407407407	27.48148148148148	19.97530864197531	-3.4120146506373574	307	10738	108	17.0	97.0	66.0	8	9.0	11.0	9.0	0	0	1.3149988651275635	61600	646.1622538566589	29250	52.51623376623377	
-inf	47.015	10.802469135802468	27.0	19.64814814814815	-3.4120146506373574	308	10776	97	14.0	77.0	55.0	12	9.0	11.0	9.0	0	0	1.7445459365844727	61800	647.9067997932434	29338	52.52750809061489	
-inf	47.025	10.962962962962964	28.11111111111111	20.425925925925927	-3.4120146506373574	309	10814	85	15.0	81.0	55.0	10	9.0	11.0	9.0	0	0	2.555678129196167	62000	650.4624779224396	29425	52.54032258064516	
-inf	48.335	10.828220858895705	26.441717791411044	19.34355828220859	-3.4120146506373574	310	10851	87	17.0	89.0	62.0	13	9.0	11.0	9.0	0	0	1.445115089416504	62200	651.9075930118561	29516	52.546623794212216	
-inf	50.99	10.779069767441861	26.691860465116278	19.476744186046513	-3.4120146506373574	311	10879	90	17.0	93.0	64.0	20	9.0	11.0	9.0	0	0	1.372697114944458	62400	653.2802901268005	29606	52.55448717948718	
-inf	51.625	10.850299401197605	27.017964071856287	19.646706586826348	-3.4120146506373574	312	10912	103	15.0	77.0	53.0	10	9.0	11.0	9.0	0	0	1.9540159702301025	62600	655.2343060970306	29701	52.554313099041536	
-inf	52.09	10.6878612716763	26.127167630057805	19.069364161849713	-3.4120146506373574	313	10939	103	15.0	77.0	53.0	10	9.0	11.0	9.0	0	0	1.6284778118133545	62800	656.862783908844	29798	52.55095541401274	
-inf	48.655	10.714285714285714	26.035714285714285	18.952380952380953	-3.4120146506373574	314	10971	95	14.0	69.0	47.0	16	9.0	11.0	9.0	0	0	1.3453519344329834	63000	658.208135843277	29880	52.57142857142857	
-inf	48.35	10.658385093167702	24.900621118012424	18.26086956521739	-3.4120146506373574	315	11010	92	14.0	67.0	46.0	17	9.0	11.0	9.0	0	0	1.7933340072631836	63200	660.0014698505402	29979	52.56487341772152	
-inf	50.68	10.821428571428571	26.464285714285715	19.30952380952381	-3.4120146506373574	316	11042	103	16.0	83.0	59.0	20	9.0	11.0	9.0	0	0	3.011427164077759	63400	663.0128970146179	30070	52.57097791798107	
-inf	52.09	10.632183908045977	24.666666666666668	18.080459770114942	-3.4120146506373574	317	11068	109	14.0	82.0	59.0	14	9.0	11.0	9.0	0	0	1.2559318542480469	63600	664.268828868866	30157	52.58333333333333	
-inf	53.8	10.728323699421965	25.710982658959537	18.791907514450866	-3.4120146506373574	318	11095	112	15.0	73.0	51.0	9	9.0	11.0	9.0	0	0	1.5437061786651611	63800	665.8125350475311	30256	52.57680250783699	
-inf	54.885	10.962962962962964	27.537037037037038	20.061728395061728	-3.4120146506373574	319	11133	120	18.0	99.0	69.0	12	9.0	11.0	9.0	0	0	1.2231309413909912	64000	667.0356659889221	30337	52.5984375	
-inf	54.645	10.691358024691358	25.314814814814813	18.555555555555557	-3.4120146506373574	320	11171	141	15.0	91.0	62.0	8	9.0	11.0	9.0	0	0	1.0716300010681152	64200	668.1072959899902	30416	52.62305295950156	
-inf	54.82	10.810975609756097	26.28048780487805	19.176829268292682	-3.4120146506373574	321	11207	141	19.0	115.0	79.0	28	9.0	11.0	9.0	0	0	1.3063271045684814	64400	669.4136230945587	30494	52.64906832298137	
-inf	50.16	10.615853658536585	24.0609756097561	17.682926829268293	-3.4120146506373574	322	11243	151	19.0	115.0	79.0	20	9.0	11.0	9.0	0	0	1.0015077590942383	64600	670.415130853653	30574	52.671826625387	
-inf	52.98	10.701754385964913	26.43859649122807	19.269005847953217	-3.4120146506373574	323	11272	165	16.0	99.0	68.0	17	9.0	11.0	9.0	0	0	1.6594963073730469	64800	672.074627161026	30657	52.68981481481482	
-inf	52.85	10.94767441860465	27.569767441860463	20.046511627906977	-3.4120146506373574	324	11300	140	14.0	69.0	47.0	15	9.0	11.0	9.0	0	0	2.267453908920288	65000	674.3420810699463	30754	52.68615384615384	
-inf	50.445	10.78048780487805	25.4390243902439	18.646341463414632	-3.4120146506373574	325	11336	137	14.0	77.0	53.0	7	9.0	11.0	9.0	0	0	1.58552885055542	65200	675.9276099205017	30847	52.688650306748464	
-inf	50.025	10.751479289940828	25.46153846153846	18.65680473372781	-3.4120146506373574	326	11367	130	15.0	79.0	54.0	18	9.0	11.0	9.0	0	0	3.4873268604278564	65400	679.4149367809296	30939	52.69266055045871	
-inf	48.735	10.851190476190476	26.607142857142858	19.470238095238095	-3.4120146506373574	327	11399	88	16.0	81.0	56.0	10	9.0	11.0	9.0	0	0	2.299434185028076	65600	681.7143709659576	31028	52.701219512195124	
-inf	46.67	10.77639751552795	25.664596273291924	18.81366459627329	-3.4120146506373574	328	11438	92	16.0	81.0	56.0	16	9.0	11.0	9.0	0	0	0.8845129013061523	65800	682.5988838672638	31108	52.72340425531915	
-inf	48.065	10.936046511627907	27.947674418604652	20.36046511627907	-3.4120146506373574	329	11466	102	14.0	67.0	46.0	16	9.0	11.0	9.0	0	0	1.8412270545959473	66000	684.4401109218597	31208	52.71515151515152	
-inf	47.87	10.85276073619632	26.36196319018405	19.282208588957054	-3.4120146506373574	330	11503	114	15.0	67.0	47.0	14	9.0	11.0	9.0	0	0	1.8611259460449219	66200	686.3012368679047	31303	52.71450151057402	
-inf	49.915	10.723270440251572	24.371069182389938	17.955974842767297	-3.4120146506373574	331	11544	117	14.0	74.0	50.0	20	9.0	11.0	9.0	0	0	1.1692612171173096	66400	687.470498085022	31370	52.75602409638554	
-inf	49.2	10.716049382716049	24.78395061728395	18.28395061728395	-3.4120146506373574	332	11582	104	14.0	72.0	49.0	15	9.0	11.0	9.0	0	0	1.3071329593658447	66600	688.7776310443878	31463	52.75825825825826	
-inf	49.09	10.662337662337663	24.344155844155843	17.92207792207792	-3.4120146506373574	333	11628	108	14.0	69.0	47.0	21	9.0	11.0	9.0	0	0	1.7705228328704834	66800	690.5481538772583	31542	52.7814371257485	
-inf	47.98	10.789473684210526	25.70175438596491	18.871345029239766	-3.4120146506373574	334	11657	99	15.0	73.0	49.0	11	9.0	11.0	9.0	0	0	2.0908589363098145	67000	692.6390128135681	31635	52.78358208955224	
-inf	47.31	10.934911242603551	26.609467455621303	19.514792899408285	-3.4120146506373574	335	11688	101	15.0	87.0	61.0	16	9.0	11.0	9.0	0	0	1.338827133178711	67200	693.9778399467468	31728	52.785714285714285	
-inf	47.555	10.705882352941176	24.633986928104576	18.098039215686274	-3.4120146506373574	336	11735	88	15.0	71.0	49.0	21	9.0	11.0	9.0	0	0	1.5410869121551514	67400	695.518926858902	31816	52.79525222551929	
-inf	47.005	10.71951219512195	25.323170731707318	18.567073170731707	-3.4120146506373574	337	11771	80	14.0	71.0	52.0	10	9.0	11.0	9.0	0	0	1.9729509353637695	67600	697.4918777942657	31908	52.798816568047336	
-inf	47.205	10.755813953488373	25.53488372093023	18.6453488372093	-3.4120146506373574	338	11799	85	14.0	77.0	53.0	15	9.0	11.0	9.0	0	0	2.4690182209014893	67800	699.9608960151672	31987	52.82153392330384	
-inf	48.57	10.89308176100629	27.41509433962264	19.91823899371069	-3.4120146506373574	339	11840	98	15.0	77.0	53.0	11	9.0	11.0	9.0	0	0	2.614717960357666	68000	702.5756139755249	32070	52.838235294117645	
-inf	49.885	10.941176470588236	27.084967320261438	19.725490196078432	-3.4120146506373574	340	11887	110	15.0	70.0	49.0	19	9.0	11.0	9.0	0	0	1.651658058166504	68200	704.2272720336914	32149	52.860703812316714	
-inf	53.09	10.816455696202532	26.063291139240505	19.044303797468356	-3.4120146506373574	341	11929	116	15.0	67.0	48.0	13	9.0	11.0	9.0	0	0	1.224165678024292	68400	705.4514377117157	32228	52.88304093567252	
-inf	54.16	10.74375	25.66875	18.7375	-3.4120146506373574	342	11969	118	14.0	67.0	46.0	17	9.0	11.0	9.0	0	0	2.4430301189422607	68600	707.894467830658	32302	52.91253644314869	
-inf	52.5	10.758620689655173	26.53448275862069	19.367816091954023	-3.4120146506373574	343	11995	124	14.0	75.0	52.0	18	9.0	11.0	9.0	0	0	1.8489820957183838	68800	709.7434499263763	32391	52.92005813953488	
-inf	49.955	10.7625	25.05625	18.33125	-3.4120146506373574	344	12035	129	14.0	64.0	43.0	14	9.0	11.0	9.0	0	0	0.8519148826599121	69000	710.5953648090363	32461	52.95507246376812	
-inf	49.655	10.823529411764707	25.958823529411763	18.988235294117647	-3.4120146506373574	345	12065	144	15.0	83.0	61.0	9	9.0	11.0	9.0	0	0	1.2854321002960205	69200	711.8807969093323	32551	52.96098265895954	
-inf	48.53	10.8698224852071	26.70414201183432	19.556213017751478	-3.4120146506373574	346	12096	107	16.0	123.0	90.0	12	9.0	11.0	9.0	0	0	1.720440149307251	69400	713.6012370586395	32637	52.972622478386164	
-inf	47.805	10.798780487804878	26.804878048780488	19.548780487804876	-3.4120146506373574	347	12132	101	16.0	123.0	90.0	21	9.0	11.0	9.0	0	0	2.6610159873962402	69600	716.2622530460358	32726	52.979885057471265	
-inf	47.62	10.61111111111111	24.703703703703702	18.09259259259259	-3.4120146506373574	348	12170	98	16.0	79.0	55.0	15	9.0	11.0	9.0	0	0	1.9677767753601074	69800	718.2300298213959	32810	52.994269340974206	
-inf	52.325	10.719101123595506	25.1123595505618	18.426966292134832	-3.4120146506373574	349	12192	109	18.0	109.0	74.0	12	9.0	11.0	9.0	0	0	1.321106195449829	70000	719.5511360168457	32895	53.00714285714286	
-inf	53.195	11.132183908045977	28.632183908045977	20.82758620689655	-3.4120146506373574	350	12218	124	16.0	104.0	76.0	25	9.0	11.0	9.0	0	0	0.7582798004150391	70200	720.3094158172607	32985	53.01282051282051	
-inf	52.235	11.040229885057471	28.95977011494253	20.92528735632184	-3.4120146506373574	351	12244	113	16.0	87.0	60.0	15	9.0	11.0	9.0	0	0	2.87558913230896	70400	723.1850049495697	33083	53.00710227272727	
-inf	52.575	11.067901234567902	30.074074074074073	21.71604938271605	-3.4120146506373574	352	12282	121	16.0	87.0	60.0	17	9.0	11.0	9.0	0	0	1.2640690803527832	70600	724.4490740299225	33172	53.01416430594901	
-inf	54.47	11.231707317073171	31.170731707317074	22.475609756097562	-3.4120146506373574	353	12318	113	16.0	101.0	69.0	16	9.0	11.0	9.0	0	0	1.2466778755187988	70800	725.6957519054413	33267	53.01271186440678	
-inf	52.835	11.069182389937106	29.11320754716981	21.12578616352201	-3.4120146506373574	354	12359	117	16.0	101.0	71.0	13	9.0	11.0	9.0	0	0	1.8259589672088623	71000	727.5217108726501	33354	53.02253521126761	
-inf	53.03	11.035928143712574	30.077844311377245	21.688622754491018	-3.4120146506373574	355	12392	140	15.0	93.0	63.0	14	9.0	11.0	9.0	0	0	1.431429147720337	71200	728.9531400203705	33443	53.02949438202248	
-inf	54.145	11.090909090909092	30.0	21.66883116883117	-3.4120146506373574	356	12438	140	16.0	125.0	87.0	13	9.0	11.0	9.0	0	0	1.7178370952606201	71400	730.6709771156311	33539	53.0266106442577	
-inf	58.945	10.838323353293413	26.718562874251496	19.473053892215567	-3.4120146506373574	357	12471	160	15.0	91.0	62.0	9	9.0	11.0	9.0	0	0	3.0492286682128906	71600	733.720205783844	33617	53.048882681564244	
-inf	62.19	10.781818181818181	26.345454545454544	19.24848484848485	-3.4120146506373574	358	12506	152	15.0	77.0	53.0	8	9.0	11.0	9.0	0	0	1.246157169342041	71800	734.966362953186	33701	53.06267409470752	
-inf	54.185	10.803468208092486	26.526011560693643	19.387283236994218	-3.4120146506373574	359	12533	149	14.0	77.0	53.0	17	9.0	11.0	9.0	0	0	2.248991012573242	72000	737.2153539657593	33794	53.06388888888889	
-inf	53.675	10.92485549132948	27.92485549132948	20.294797687861273	-3.4120146506373574	360	12560	138	15.0	133.0	91.0	24	9.0	11.0	9.0	0	0	1.5548579692840576	72200	738.7702119350433	33888	53.063711911357345	
-inf	52.02	10.94047619047619	26.779761904761905	19.589285714285715	-3.4120146506373574	361	12592	128	15.0	77.0	53.0	16	9.0	11.0	9.0	0	0	1.8485569953918457	72400	740.6187689304352	33993	53.04834254143647	
-inf	50.67	10.9625	28.39375	20.63125	-3.4120146506373574	362	12632	149	14.0	97.0	65.0	16	9.0	11.0	9.0	0	0	1.6984879970550537	72600	742.3172569274902	34090	53.04407713498623	
-inf	49.07	10.709876543209877	25.117283950617285	18.432098765432098	-3.4120146506373574	363	12670	89	17.0	101.0	68.0	15	9.0	11.0	9.0	0	0	1.3176569938659668	72800	743.6349139213562	34168	53.065934065934066	
-inf	48.32	10.779874213836479	26.150943396226417	19.10062893081761	-3.4120146506373574	364	12711	89	14.0	67.0	46.0	18	9.0	11.0	9.0	0	0	1.174272060394287	73000	744.8091859817505	34245	53.08904109589041	
-inf	49.27	10.696969696969697	24.927272727272726	18.272727272727273	-3.4120146506373574	365	12746	81	15.0	73.0	50.0	22	9.0	11.0	9.0	0	0	1.1758790016174316	73200	745.9850649833679	34325	53.10792349726776	
-inf	50.91	10.840909090909092	25.875	18.926136363636363	-3.4120146506373574	366	12770	94	15.0	73.0	50.0	23	9.0	11.0	9.0	0	0	0.8776838779449463	73400	746.8627488613129	34402	53.130790190735695	
-inf	49.025	10.836257309941521	26.801169590643276	19.549707602339183	-3.4120146506373574	367	12799	100	15.0	82.0	57.0	21	9.0	11.0	9.0	0	0	1.4318962097167969	73600	748.2946450710297	34488	53.141304347826086	
-inf	47.735	10.789808917197453	26.38216560509554	19.305732484076433	-3.4120146506373574	368	12842	126	17.0	99.0	67.0	18	9.0	11.0	9.0	0	0	1.3051118850708008	73800	749.5997569561005	34566	53.16260162601626	
-inf	49.275	10.78048780487805	24.963414634146343	18.371951219512194	-3.4120146506373574	369	12878	160	14.0	65.0	45.0	14	9.0	11.0	9.0	0	0	0.9371340274810791	74000	750.5368909835815	34657	53.16621621621621	
-inf	49.11	10.676646706586826	24.850299401197606	18.305389221556887	-3.4120146506373574	370	12911	98	14.0	79.0	54.0	25	9.0	11.0	9.0	0	0	0.9308121204376221	74200	751.4677031040192	34742	53.17789757412399	
-inf	48.965	10.648809523809524	24.791666666666668	18.214285714285715	-3.4120146506373574	371	12943	107	14.0	67.0	48.0	20	9.0	11.0	9.0	0	0	0.9630699157714844	74400	752.4307730197906	34835	53.178763440860216	
-inf	48.375	10.764705882352942	25.03529411764706	18.352941176470587	-3.4120146506373574	372	12973	90	13.0	65.0	45.0	16	9.0	11.0	9.0	0	0	1.5555658340454102	74600	753.9863388538361	34922	53.187667560321714	
-inf	47.68	10.858895705521473	25.8159509202454	18.957055214723926	-3.4120146506373574	373	13010	87	15.0	77.0	54.0	23	9.0	11.0	9.0	0	0	1.2385890483856201	74800	755.2249279022217	35005	53.20187165775401	
-inf	48.205	10.877906976744185	25.738372093023255	18.906976744186046	-3.4120146506373574	374	13038	90	15.0	71.0	49.0	20	9.0	11.0	9.0	0	0	1.2549021244049072	75000	756.4798300266266	35090	53.21333333333334	
-inf	47.03	10.878048780487806	25.908536585365855	18.920731707317074	-3.4120146506373574	375	13074	108	15.0	71.0	49.0	13	9.0	11.0	9.0	0	0	1.7248430252075195	75200	758.2046730518341	35164	53.23936170212766	
-inf	49.83	11.152941176470588	29.511764705882353	21.3	-3.4120146506373574	376	13104	121	15.0	93.0	63.0	17	9.0	11.0	9.0	0	0	1.317680835723877	75400	759.522353887558	35257	53.240053050397876	
-inf	49.905	10.948387096774194	28.361290322580643	20.47741935483871	-3.4120146506373574	377	13149	101	16.0	95.0	64.0	15	9.0	11.0	9.0	0	0	1.62164306640625	75600	761.1439969539642	35337	53.257936507936506	
-inf	49.96	10.914110429447852	27.938650306748468	20.20245398773006	-3.4120146506373574	378	13186	108	15.0	111.0	74.0	3	9.0	11.0	9.0	0	0	1.6497981548309326	75800	762.7937951087952	35421	53.270448548812666	
-inf	50.49	10.942307692307692	28.307692307692307	20.55128205128205	-3.4120146506373574	379	13230	98	15.0	79.0	54.0	6	9.0	11.0	9.0	0	0	1.1859228610992432	76000	763.9797179698944	35507	53.28026315789474	
-inf	50.72	10.775757575757575	26.43030303030303	19.26060606060606	-3.4120146506373574	380	13265	102	15.0	75.0	51.0	14	9.0	11.0	9.0	0	0	1.6714940071105957	76200	765.651211977005	35598	53.28346456692913	
-inf	53.185	10.904191616766466	26.868263473053894	19.58682634730539	-3.4120146506373574	381	13298	107	15.0	99.0	66.0	7	9.0	11.0	9.0	0	0	1.8472368717193604	76400	767.4984488487244	35690	53.28534031413613	
-inf	55.74	11.119760479041917	30.311377245508982	21.868263473053894	-3.4120146506373574	382	13331	129	16.0	131.0	88.0	16	9.0	11.0	9.0	0	0	2.1181511878967285	76600	769.6166000366211	35781	53.28851174934726	
-inf	59.705	11.1	29.923529411764704	21.63529411764706	-3.4120146506373574	383	13361	168	16.0	117.0	79.0	4	9.0	11.0	9.0	0	0	1.7449827194213867	76800	771.3615827560425	35884	53.27604166666667	
-inf	60.93	11.184971098265896	30.595375722543352	22.115606936416185	-3.4120146506373574	384	13388	155	16.0	113.0	77.0	23	9.0	11.0	9.0	0	0	1.7147221565246582	77000	773.0763049125671	35988	53.262337662337664	
-inf	59.565	10.928571428571429	26.703296703296704	19.521978021978022	-3.4120146506373574	385	13406	151	16.0	75.0	53.0	20	9.0	11.0	9.0	0	0	2.296199083328247	77200	775.3725039958954	36087	53.25518134715026	
-inf	58.475	11.160493827160494	28.34567901234568	20.635802469135804	-3.4120146506373574	386	13444	132	16.0	92.0	63.0	14	9.0	11.0	9.0	0	0	1.5980689525604248	77400	776.9705729484558	36176	53.2609819121447	
-inf	58.055	11.006211180124224	27.36024844720497	19.981366459627328	-3.4120146506373574	387	13483	128	16.0	85.0	58.0	21	9.0	11.0	9.0	0	0	1.2787630558013916	77600	778.2493360042572	36257	53.277061855670105	
-inf	59.385	11.052023121387283	27.953757225433527	20.30635838150289	-3.4120146506373574	388	13510	154	16.0	83.0	57.0	23	9.0	11.0	9.0	0	0	1.3816769123077393	77800	779.6310129165649	36358	53.26735218508997	
-inf	59.035	10.925	26.6375	19.39375	-3.4120146506373574	389	13550	139	16.0	89.0	61.0	18	9.0	11.0	9.0	0	0	1.8371062278747559	78000	781.4681191444397	36442	53.27948717948718	
-inf	58.58	10.797619047619047	26.041666666666668	19.041666666666668	-3.4120146506373574	390	13582	147	16.0	85.0	58.0	9	9.0	11.0	9.0	0	0	1.4020707607269287	78200	782.8701899051666	36521	53.29795396419437	
-inf	53.33	10.789473684210526	25.181286549707604	18.473684210526315	-3.4120146506373574	391	13611	149	14.0	67.0	45.0	27	9.0	11.0	9.0	0	0	0.9421799182891846	78400	783.8123698234558	36597	53.32015306122449	
-inf	53.825	10.814814814814815	26.104938271604937	19.098765432098766	-3.4120146506373574	392	13649	149	14.0	71.0	48.0	13	9.0	11.0	9.0	0	0	0.6668741703033447	78600	784.4792439937592	36664	53.353689567430024	
-inf	54.835	10.953488372093023	27.563953488372093	20.02906976744186	-3.4120146506373574	393	13677	149	16.0	86.0	59.0	19	9.0	11.0	9.0	0	0	1.477173089981079	78800	785.9564170837402	36761	53.348984771573605	
-inf	50.575	10.784810126582279	25.468354430379748	18.588607594936708	-3.4120146506373574	394	13719	140	15.0	109.0	73.0	17	9.0	11.0	9.0	0	0	1.409127950668335	79000	787.3655450344086	36829	53.38101265822785	
-inf	49.87	10.857988165680473	26.976331360946745	19.668639053254438	-3.4120146506373574	395	13750	129	15.0	89.0	61.0	15	9.0	11.0	9.0	0	0	1.6542420387268066	79200	789.0197870731354	36915	53.390151515151516	
-inf	50.26	10.760233918128655	26.72514619883041	19.52046783625731	-3.4120146506373574	396	13779	122	16.0	89.0	61.0	15	9.0	11.0	9.0	0	0	1.1287689208984375	79400	790.1485559940338	36996	53.405541561712845	
-inf	52.295	10.905882352941177	27.276470588235295	19.870588235294118	-3.4120146506373574	397	13809	117	16.0	85.0	58.0	10	9.0	11.0	9.0	0	0	0.9037110805511475	79600	791.052267074585	37073	53.425879396984925	
-inf	50.66	10.832335329341317	26.20359281437126	19.131736526946106	-3.4120146506373574	398	13842	112	15.0	83.0	56.0	19	9.0	11.0	9.0	0	0	1.472902774810791	79800	792.5251698493958	37153	53.44235588972431	
-inf	49.635	10.637931034482758	24.057471264367816	17.701149425287355	-3.4120146506373574	399	13868	122	15.0	83.0	56.0	8	9.0	11.0	9.0	0	0	1.3632850646972656	80000	793.888454914093	37246	53.442499999999995	
-inf	51.04	10.701219512195122	25.725609756097562	18.79268292682927	-3.4120146506373574	400	13904	104	14.0	91.0	62.0	14	9.0	11.0	9.0	0	0	1.384070873260498	80200	795.2725257873535	37333	53.4501246882793	
-inf	52.42	10.982456140350877	28.84795321637427	20.900584795321638	-3.4120146506373574	401	13933	109	15.0	74.0	50.0	11	9.0	11.0	9.0	0	0	2.2205810546875	80400	797.493106842041	37434	53.440298507462686	
-inf	51.33	10.871345029239766	26.760233918128655	19.56140350877193	-3.4120146506373574	402	13962	105	16.0	83.0	58.0	12	9.0	11.0	9.0	0	0	1.2572660446166992	80600	798.7503728866577	37517	53.45285359801489	
-inf	49.795	10.640718562874252	25.50299401197605	18.58682634730539	-3.4120146506373574	403	13995	100	16.0	81.0	56.0	16	9.0	11.0	9.0	0	0	1.6440110206604004	80800	800.3943839073181	37605	53.459158415841586	
-inf	48.945	10.635220125786164	25.446540880503143	18.559748427672957	-3.4120146506373574	404	14036	93	15.0	89.0	61.0	24	9.0	11.0	9.0	0	0	1.3782429695129395	81000	801.772626876831	37688	53.471604938271604	
-inf	48.41	10.69186046511628	25.75581395348837	18.77906976744186	-3.4120146506373574	405	14064	92	15.0	73.0	51.0	23	9.0	11.0	9.0	0	0	1.4976022243499756	81200	803.270229101181	37779	53.474137931034484	
-inf	47.56	10.901840490797547	26.932515337423315	19.619631901840492	-3.4120146506373574	406	14101	99	16.0	87.0	59.0	10	9.0	11.0	9.0	0	0	1.2727606296539307	81400	804.542989730835	37864	53.484029484029485	
-inf	47.53	10.797546012269938	26.042944785276074	18.975460122699385	-3.4120146506373574	407	14138	92	16.0	91.0	62.0	13	9.0	11.0	9.0	0	0	1.1087653636932373	81600	805.6517550945282	37945	53.49877450980392	
-inf	48.575	11.044871794871796	28.98076923076923	20.91025641025641	-3.4120146506373574	408	14182	98	16.0	99.0	68.0	12	9.0	11.0	9.0	0	0	1.5136618614196777	81800	807.1654169559479	38029	53.50977995110024	
-inf	49.055	10.789156626506024	26.012048192771083	18.96987951807229	-3.4120146506373574	409	14216	98	16.0	91.0	62.0	10	9.0	11.0	9.0	0	0	1.056304931640625	82000	808.2217218875885	38102	53.53414634146341	
-inf	48.435	10.850299401197605	27.101796407185628	19.694610778443113	-3.4120146506373574	410	14249	94	15.0	81.0	55.0	9	9.0	11.0	9.0	0	0	1.509065866470337	82200	809.7307877540588	38193	53.53649635036496	
-inf	51.39	10.857142857142858	27.714285714285715	20.093167701863354	-3.4120146506373574	411	14288	97	16.0	89.0	61.0	17	9.0	11.0	9.0	0	0	1.1921751499176025	82400	810.9229629039764	38278	53.54611650485437	
-inf	53.785	10.885714285714286	27.68	20.097142857142856	-3.4120146506373574	412	14313	116	15.0	89.0	61.0	9	9.0	11.0	9.0	0	0	1.2960960865020752	82600	812.2190589904785	38357	53.562953995157386	
-inf	56.29	10.883040935672515	26.450292397660817	19.23391812865497	-3.4120146506373574	413	14342	127	16.0	85.0	58.0	19	9.0	11.0	9.0	0	0	1.0756428241729736	82800	813.2947018146515	38434	53.58212560386473	
-inf	58.08	11.063583815028903	29.040462427745666	20.99421965317919	-3.4120146506373574	414	14369	135	20.0	129.0	88.0	18	9.0	11.0	9.0	0	0	1.366096019744873	83000	814.6607978343964	38518	53.59277108433735	
-inf	59.75	11.335365853658537	31.28048780487805	22.445121951219512	-3.4120146506373574	415	14405	145	17.0	101.0	68.0	19	9.0	11.0	9.0	0	0	1.202298879623413	83200	815.8630967140198	38598	53.60817307692308	
-inf	61.35	11.260115606936417	31.439306358381504	22.572254335260116	-3.4120146506373574	416	14432	147	18.0	105.0	72.0	4	9.0	11.0	9.0	0	0	1.56205415725708	83400	817.4251508712769	38691	53.60791366906475	
-inf	62.17	11.374269005847953	32.888888888888886	23.538011695906434	-3.4120146506373574	417	14461	137	18.0	112.0	80.0	10	9.0	11.0	9.0	0	0	1.4058241844177246	83600	818.8309750556946	38786	53.60526315789474	
-inf	60.765	11.408536585365853	32.03048780487805	22.95731707317073	-3.4120146506373574	418	14497	142	18.0	105.0	72.0	16	9.0	11.0	9.0	0	0	1.823110818862915	83800	820.6540858745575	38879	53.605011933174225	
-inf	60.365	11.33939393939394	32.04242424242424	22.957575757575757	-3.4120146506373574	419	14532	153	18.0	105.0	72.0	15	9.0	11.0	9.0	0	0	1.570585012435913	84000	822.2246708869934	38969	53.608333333333334	
-inf	59.275	11.228070175438596	30.906432748538013	22.181286549707604	-3.4120146506373574	420	14561	148	19.0	111.0	77.0	11	9.0	11.0	9.0	0	0	1.3054790496826172	84200	823.530149936676	39064	53.60570071258907	
-inf	55.065	11.012195121951219	28.6890243902439	20.73170731707317	-3.4120146506373574	421	14597	143	17.0	97.0	66.0	9	9.0	11.0	9.0	0	0	1.6886560916900635	84400	825.2188060283661	39156	53.60663507109005	
-inf	59.605	10.945454545454545	28.145454545454545	20.35151515151515	-3.4120146506373574	422	14632	152	17.0	99.0	67.0	12	9.0	11.0	9.0	0	0	2.5158729553222656	84600	827.7346789836884	39237	53.62056737588652	
-inf	60.91	10.886227544910179	27.317365269461078	19.838323353293415	-3.4120146506373574	423	14665	152	16.0	83.0	57.0	15	9.0	11.0	9.0	0	0	1.8260259628295898	84800	829.560704946518	39326	53.625	
-inf	62.06	10.864406779661017	27.01129943502825	19.610169491525422	-3.4120146506373574	424	14688	163	21.0	149.0	101.0	21	9.0	11.0	9.0	0	0	1.4921998977661133	85000	831.0529048442841	39423	53.620000000000005	
-inf	58.415	10.785714285714286	26.392857142857142	19.196428571428573	-3.4120146506373574	425	14720	164	15.0	79.0	54.0	2	9.0	11.0	9.0	0	0	1.6333670616149902	85200	832.686271905899	39512	53.624413145539904	
-inf	55.82	10.724550898203592	26.730538922155688	19.45508982035928	-3.4120146506373574	426	14753	163	15.0	81.0	55.0	10	9.0	11.0	9.0	0	0	1.602766990661621	85400	834.2890388965607	39602	53.62763466042155	
-inf	52.895	10.855421686746988	27.50602409638554	19.951807228915662	-3.4120146506373574	427	14787	157	15.0	83.0	59.0	14	9.0	11.0	9.0	0	0	1.082961082458496	85600	835.3719999790192	39692	53.63084112149533	
-inf	52.45	10.741721854304636	25.788079470198674	18.867549668874172	-3.4120146506373574	428	14836	159	14.0	69.0	48.0	7	9.0	11.0	9.0	0	0	1.8218770027160645	85800	837.1938769817352	39776	53.64102564102564	
-inf	51.55	10.874251497005988	27.395209580838323	19.904191616766468	-3.4120146506373574	429	14869	159	15.0	71.0	48.0	16	9.0	11.0	9.0	0	0	1.5295910835266113	86000	838.7234680652618	39859	53.65232558139535	
-inf	53.965	11.111801242236025	28.73913043478261	20.81366459627329	-3.4120146506373574	430	14908	165	16.0	81.0	56.0	6	9.0	11.0	9.0	0	0	1.275390863418579	86200	839.9988589286804	39930	53.677494199535964	
-inf	54.945	10.884393063583815	26.705202312138727	19.45086705202312	-3.4120146506373574	431	14935	169	15.0	79.0	53.0	26	9.0	11.0	9.0	0	0	1.5110759735107422	86400	841.5099349021912	40012	53.68981481481481	
-inf	50.24	11.176470588235293	29.4	21.31764705882353	-3.4120146506373574	432	14965	163	18.0	109.0	75.0	9	9.0	11.0	9.0	0	0	1.3762140274047852	86600	842.886148929596	40091	53.70554272517321	
-inf	52.155	10.963855421686747	27.457831325301203	19.90963855421687	-3.4120146506373574	433	14999	101	15.0	77.0	55.0	21	9.0	11.0	9.0	0	0	1.550171136856079	86800	844.436320066452	40171	53.72004608294931	
-inf	52.625	10.89080459770115	26.873563218390803	19.57471264367816	-3.4120146506373574	434	15025	107	15.0	75.0	51.0	22	9.0	11.0	9.0	0	0	1.272838830947876	87000	845.7091588973999	40260	53.724137931034484	
-inf	52.45	10.988235294117647	28.423529411764704	20.652941176470588	-3.4120146506373574	435	15055	110	15.0	95.0	66.0	23	9.0	11.0	9.0	0	0	1.47627592086792	87200	847.1854348182678	40354	53.72247706422018	
-inf	52.015	10.954802259887005	28.327683615819208	20.63276836158192	-3.4120146506373574	436	15078	102	15.0	95.0	66.0	11	9.0	11.0	9.0	0	0	1.7916481494903564	87400	848.9770829677582	40442	53.72768878718536	
-inf	52.67	10.947368421052632	26.830409356725145	19.608187134502923	-3.4120146506373574	437	15107	105	18.0	95.0	67.0	8	9.0	11.0	9.0	0	0	1.4606750011444092	87600	850.4377579689026	40533	53.72945205479452	
-inf	52.235	11.01923076923077	28.993589743589745	21.083333333333332	-3.4120146506373574	438	15151	121	19.0	129.0	87.0	13	9.0	11.0	9.0	0	0	1.9953279495239258	87800	852.4330859184265	40625	53.730068337129836	
-inf	55.865	10.968553459119496	28.07547169811321	20.452830188679247	-3.4120146506373574	439	15192	125	18.0	109.0	75.0	13	9.0	11.0	9.0	0	0	1.6187260150909424	88000	854.0518119335175	40707	53.742045454545455	
-inf	55.52	10.899408284023668	27.75147928994083	20.171597633136095	-3.4120146506373574	440	15223	134	18.0	97.0	67.0	15	9.0	11.0	9.0	0	0	1.7682740688323975	88200	855.8200860023499	40802	53.739229024943306	
-inf	52.175	11.086206896551724	28.867816091954023	20.896551724137932	-3.4120146506373574	441	15249	134	18.0	97.0	67.0	17	9.0	11.0	9.0	0	0	1.8221888542175293	88400	857.6422748565674	40896	53.737556561085974	
-inf	50.47	11.0062893081761	27.761006289308177	20.20125786163522	-3.4120146506373574	442	15290	151	18.0	100.0	72.0	16	9.0	11.0	9.0	0	0	1.6386029720306396	88600	859.280877828598	40988	53.738148984198645	
-inf	47.77	10.731428571428571	25.18857142857143	18.50857142857143	-3.4120146506373574	443	15315	107	16.0	89.0	61.0	16	9.0	11.0	9.0	0	0	1.3609530925750732	88800	860.6418309211731	41075	53.74436936936937	
-inf	48.025	10.829268292682928	26.628048780487806	19.4390243902439	-3.4120146506373574	444	15351	93	17.0	106.0	72.0	16	9.0	11.0	9.0	0	0	1.3931410312652588	89000	862.0349719524384	41160	53.752808988764045	
-inf	47.87	10.872727272727273	27.1030303030303	19.733333333333334	-3.4120146506373574	445	15386	127	17.0	106.0	72.0	17	9.0	11.0	9.0	0	0	1.074556827545166	89200	863.1095287799835	41232	53.775784753363226	
-inf	48.6	10.817073170731707	26.445121951219512	19.365853658536587	-3.4120146506373574	446	15422	104	14.0	91.0	62.0	16	9.0	11.0	9.0	0	0	1.5183181762695312	89400	864.627846956253	41316	53.78523489932886	
-inf	48.865	10.838323353293413	26.4251497005988	19.317365269461078	-3.4120146506373574	447	15455	88	14.0	65.0	45.0	16	9.0	11.0	9.0	0	0	0.9341130256652832	89600	865.5619599819183	41396	53.799107142857146	
-inf	47.035	10.536585365853659	24.4390243902439	17.932926829268293	-3.4120146506373574	448	15491	98	16.0	83.0	57.0	14	9.0	11.0	9.0	0	0	1.310081958770752	89800	866.8720419406891	41471	53.8184855233853	
-inf	46.64	10.748387096774193	25.574193548387097	18.70967741935484	-3.4120146506373574	449	15536	101	13.0	57.0	39.0	13	9.0	11.0	9.0	0	0	1.1133439540863037	90000	867.9853858947754	41550	53.833333333333336	
-inf	46.42	10.7	25.470588235294116	18.641176470588235	-3.4120146506373574	450	15566	101	14.0	68.0	49.0	13	9.0	11.0	9.0	0	0	0.9734690189361572	90200	868.9588549137115	41628	53.849223946784925	
-inf	45.985	10.806060606060607	26.09090909090909	19.072727272727274	-3.4120146506373574	451	15601	97	15.0	69.0	48.0	13	9.0	11.0	9.0	0	0	1.0148961544036865	90400	869.9737510681152	41720	53.849557522123895	
-inf	48.305	10.887573964497042	27.153846153846153	19.792899408284022	-3.4120146506373574	452	15632	132	15.0	77.0	53.0	13	9.0	11.0	9.0	0	0	0.9608356952667236	90600	870.934586763382	41807	53.85540838852097	
-inf	48.265	10.833333333333334	25.916666666666668	18.94047619047619	-3.4120146506373574	453	15664	112	16.0	85.0	58.0	13	9.0	11.0	9.0	0	0	1.5150070190429688	90800	872.4495937824249	41903	53.85132158590309	
-inf	51.06	10.737804878048781	24.908536585365855	18.24390243902439	-3.4120146506373574	454	15700	117	15.0	75.0	51.0	9	9.0	11.0	9.0	0	0	1.0055112838745117	91000	873.4551050662994	41982	53.86593406593407	
-inf	50.765	10.782352941176471	24.05294117647059	17.711764705882352	-3.4120146506373574	455	15730	99	13.0	53.0	37.0	23	9.0	11.0	9.0	0	0	0.9951238632202148	91200	874.4502289295197	42061	53.88048245614035	
-inf	52.61	10.776470588235295	24.941176470588236	18.288235294117648	-3.4120146506373574	456	15760	99	15.0	71.0	49.0	27	9.0	11.0	9.0	0	0	1.8412790298461914	91400	876.2915079593658	42146	53.88840262582057	
-inf	49.975	10.49112426035503	22.7396449704142	16.85207100591716	-3.4120146506373574	457	15791	104	14.0	61.0	43.0	21	9.0	11.0	9.0	0	0	1.8883349895477295	91600	878.1798429489136	42222	53.9061135371179	
-inf	49.275	10.689873417721518	25.981012658227847	18.949367088607595	-3.4120146506373574	458	15833	114	15.0	79.0	54.0	22	9.0	11.0	9.0	0	0	1.8559179306030273	91800	880.0357608795166	42300	53.92156862745098	
-inf	49.47	10.817073170731707	26.365853658536587	19.20731707317073	-3.4120146506373574	459	15869	104	16.0	92.0	65.0	11	9.0	11.0	9.0	0	0	1.7253479957580566	92000	881.7611088752747	42389	53.925	
-inf	49.785	10.871345029239766	27.251461988304094	19.859649122807017	-3.4120146506373574	460	15898	92	15.0	103.0	70.0	26	9.0	11.0	9.0	0	0	3.2746739387512207	92200	885.0357828140259	42478	53.928416485900215	
-inf	50.25	10.75	25.709302325581394	18.72093023255814	-3.4120146506373574	461	15926	88	15.0	72.0	49.0	23	9.0	11.0	9.0	0	0	1.430217981338501	92400	886.4660007953644	42565	53.933982683982684	
-inf	50.805	10.822485207100591	27.224852071005916	19.763313609467456	-3.4120146506373574	462	15957	97	15.0	79.0	54.0	26	9.0	11.0	9.0	0	0	1.7516553401947021	92600	888.2176561355591	42659	53.93196544276458	
-inf	49.775	11.100591715976332	28.644970414201183	20.763313609467456	-3.4120146506373574	463	15988	95	16.0	99.0	68.0	15	9.0	11.0	9.0	0	0	1.5873746871948242	92800	889.8050308227539	42761	53.921336206896555	
-inf	49.375	10.888235294117647	26.488235294117647	19.341176470588234	-3.4120146506373574	464	16018	101	14.0	87.0	60.0	7	9.0	11.0	9.0	0	0	1.3440730571746826	93000	891.1491038799286	42839	53.93655913978495	
-inf	52.82	10.911764705882353	27.194117647058825	19.82941176470588	-3.4120146506373574	465	16048	109	20.0	125.0	86.0	8	9.0	11.0	9.0	0	0	1.0711491107940674	93200	892.2202529907227	42917	53.951716738197426	
-inf	50.64	10.884848484848485	27.254545454545454	19.830303030303032	-3.4120146506373574	466	16083	109	16.0	87.0	59.0	14	9.0	11.0	9.0	0	0	1.2394309043884277	93400	893.4596838951111	43001	53.96038543897216	
-inf	52.845	10.993975903614459	27.867469879518072	20.253012048192772	-3.4120146506373574	467	16117	122	16.0	87.0	59.0	19	9.0	11.0	9.0	0	0	1.6417310237884521	93600	895.1014149188995	43090	53.96367521367522	
-inf	53.64	10.934131736526947	28.077844311377245	20.365269461077844	-3.4120146506373574	468	16150	122	16.0	87.0	59.0	19	9.0	11.0	9.0	0	0	1.4017810821533203	93800	896.5031960010529	43175	53.97121535181237	
-inf	54.965	11.114942528735632	29.385057471264368	21.24712643678161	-3.4120146506373574	469	16176	134	16.0	87.0	59.0	13	9.0	11.0	9.0	0	0	1.7638068199157715	94000	898.2670028209686	43269	53.969148936170214	
-inf	51.605	10.854651162790697	26.63372093023256	19.38953488372093	-3.4120146506373574	470	16204	151	15.0	81.0	55.0	19	9.0	11.0	9.0	0	0	1.8425850868225098	94200	900.1095879077911	43373	53.95647558386412	
-inf	54.435	11.107784431137725	29.622754491017965	21.419161676646706	-3.4120146506373574	471	16237	165	16.0	89.0	60.0	3	9.0	11.0	9.0	0	0	1.854651927947998	94400	901.9642398357391	43471	53.950211864406775	
-inf	54.695	10.988095238095237	29.083333333333332	21.101190476190474	-3.4120146506373574	472	16269	181	16.0	109.0	75.0	16	9.0	11.0	9.0	0	0	1.621899127960205	94600	903.5861389636993	43561	53.95243128964059	
-inf	54.72	10.93142857142857	28.177142857142858	20.49142857142857	-3.4120146506373574	473	16294	181	18.0	119.0	82.0	15	9.0	11.0	9.0	0	0	1.686046838760376	94800	905.2721858024597	43649	53.95675105485232	
-inf	62.595	11.123529411764705	30.95294117647059	22.305882352941175	-3.4120146506373574	474	16324	190	19.0	129.0	86.0	6	9.0	11.0	9.0	0	0	3.1244351863861084	95000	908.3966209888458	43738	53.96	
-inf	63.12	11.0	29.1055900621118	21.018633540372672	-3.4120146506373574	475	16363	193	19.0	129.0	86.0	11	9.0	11.0	9.0	0	0	1.5901257991790771	95200	909.9867467880249	43829	53.96113445378151	
-inf	54.625	11.10909090909091	30.157575757575756	21.76969696969697	-3.4120146506373574	476	16398	195	15.0	119.0	82.0	16	9.0	11.0	9.0	0	0	1.3833720684051514	95400	911.37011885643	43920	53.9622641509434	
-inf	54.72	10.91194968553459	27.251572327044027	19.82389937106918	-3.4120146506373574	477	16439	192	15.0	97.0	67.0	8	9.0	11.0	9.0	0	0	1.1986820697784424	95600	912.5688009262085	43996	53.979079497907954	
-inf	57.025	11.113095238095237	29.19047619047619	21.107142857142858	-3.4120146506373574	478	16471	210	15.0	75.0	51.0	12	9.0	11.0	9.0	0	0	2.0800421237945557	95800	914.648843050003	44088	53.97912317327766	
-inf	64.21	11.32183908045977	31.936781609195403	22.99425287356322	-3.4120146506373574	479	16497	210	16.0	87.0	59.0	20	9.0	11.0	9.0	0	0	1.4826829433441162	96000	916.1315259933472	44169	53.990624999999994	
-inf	63.145	11.18235294117647	29.229411764705883	21.288235294117648	-3.4120146506373574	480	16527	211	15.0	75.0	52.0	11	9.0	11.0	9.0	0	0	1.2889189720153809	96200	917.4204449653625	44257	53.9948024948025	
-inf	69.38	11.386503067484663	31.47239263803681	22.73006134969325	-3.4120146506373574	481	16564	232	16.0	85.0	59.0	9	9.0	11.0	9.0	0	0	1.7914559841156006	96400	919.2119009494781	44355	53.98858921161826	
-inf	63.36	11.136363636363637	29.244318181818183	21.255681818181817	-3.4120146506373574	482	16588	176	15.0	102.0	75.0	12	9.0	11.0	9.0	0	0	1.582658052444458	96600	920.7945590019226	44446	53.989648033126294	
-inf	65.835	11.218390804597702	29.35632183908046	21.333333333333332	-3.4120146506373574	483	16614	177	17.0	112.0	77.0	13	9.0	11.0	9.0	0	0	1.4570910930633545	96800	922.251650094986	44535	53.992768595041326	
-inf	64.895	10.970059880239521	27.347305389221557	19.964071856287426	-3.4120146506373574	484	16647	189	17.0	128.0	89.0	25	9.0	11.0	9.0	0	0	0.7890627384185791	97000	923.0407128334045	44617	54.00309278350515	
-inf	58.79	10.872727272727273	26.254545454545454	19.21818181818182	-3.4120146506373574	485	16682	189	17.0	91.0	63.0	23	9.0	11.0	9.0	0	0	1.2405920028686523	97200	924.2813048362732	44699	54.013374485596714	
-inf	56.2	10.9125	26.69375	19.45	-3.4120146506373574	486	16722	173	16.0	89.0	61.0	21	9.0	11.0	9.0	0	0	0.871649980545044	97400	925.1529548168182	44775	54.02977412731006	
-inf	56.065	11.034883720930232	27.97093023255814	20.302325581395348	-3.4120146506373574	487	16750	164	17.0	89.0	62.0	25	9.0	11.0	9.0	0	0	1.6497411727905273	97600	926.8026959896088	44861	54.03586065573771	
-inf	52.87	10.75438596491228	26.128654970760234	19.15204678362573	-3.4120146506373574	488	16779	165	15.0	112.0	81.0	16	9.0	11.0	9.0	0	0	1.2382888793945312	97800	928.0409848690033	44941	54.0480572597137	
-inf	52.78	10.970760233918128	27.614035087719298	20.087719298245613	-3.4120146506373574	489	16808	105	15.0	71.0	50.0	23	9.0	11.0	9.0	0	0	1.1639652252197266	98000	929.204950094223	45025	54.05612244897959	
-inf	53.45	10.866279069767442	26.3546511627907	19.232558139534884	-3.4120146506373574	490	16836	115	15.0	73.0	52.0	18	9.0	11.0	9.0	0	0	1.2627220153808594	98200	930.4676721096039	45114	54.05906313645621	
-inf	58.67	11.075949367088608	28.727848101265824	20.746835443037973	-3.4120146506373574	491	16878	122	16.0	101.0	69.0	29	9.0	11.0	9.0	0	0	1.0675857067108154	98400	931.5352578163147	45206	54.0589430894309	
-inf	61.015	10.946745562130177	28.526627218934912	20.63905325443787	-3.4120146506373574	492	16909	133	15.0	79.0	53.0	20	9.0	11.0	9.0	0	0	1.619791030883789	98600	933.1550488471985	45309	54.04766734279919	
-inf	58.9	11.0	28.96511627906977	20.912790697674417	-3.4120146506373574	493	16937	165	15.0	79.0	53.0	17	9.0	11.0	9.0	0	0	1.3801932334899902	98800	934.5352420806885	45405	54.04352226720648	
-inf	58.79	10.869047619047619	27.196428571428573	19.797619047619047	-3.4120146506373574	494	16969	160	16.0	87.0	60.0	18	9.0	11.0	9.0	0	0	1.6154160499572754	99000	936.1506581306458	45490	54.05050505050505	
-inf	53.24	10.78698224852071	26.57396449704142	19.420118343195266	-3.4120146506373574	495	17000	135	18.0	111.0	76.0	16	9.0	11.0	9.0	0	0	1.5275216102600098	99200	937.6781797409058	45584	54.04838709677419	
-inf	55.46	10.850299401197605	27.20359281437126	19.862275449101798	-3.4120146506373574	496	17033	149	16.0	85.0	59.0	13	9.0	11.0	9.0	0	0	1.484281063079834	99400	939.1624608039856	45665	54.059356136820924	
-inf	54.345	10.971428571428572	28.731428571428573	20.8	-3.4120146506373574	497	17058	153	18.0	103.0	71.0	3	9.0	11.0	9.0	0	0	1.2136740684509277	99600	940.3761348724365	45752	54.06425702811245	
-inf	55.615	11.073033707865168	30.43258426966292	21.94943820224719	-3.4120146506373574	498	17080	145	16.0	95.0	66.0	20	9.0	11.0	9.0	0	0	1.7829902172088623	99800	942.1591250896454	45843	54.065130260521045	
-inf	52.66	11.012121212121212	28.721212121212123	20.854545454545455	-3.4120146506373574	499	17115	143	16.0	103.0	72.0	9	9.0	11.0	9.0	0	0	1.1894638538360596	100000	943.3485889434814	45919	54.081	
-inf	50.07	11.202380952380953	30.00595238095238	21.714285714285715	-3.4120146506373574	500	17147	161	16.0	83.0	57.0	17	9.0	11.0	9.0	0	0	1.4752578735351562	100200	944.8238468170166	46012	54.079840319361274	
