N <- 5
personGender <- c(1,2,1,1,2)
dataAnswer <- c(1,0,1,1,1)