N <- 5
obs <- c(1,1,0,1,0)